1.0,0.19826449585455075,0.22100581255101265,0.06482365731393393,0.6806830986613619,0.4233645384821278,0.30108617709940816,0.6006556055263845,-0.1561061525802902,0.33005971165252906,-0.15732880401558386,0.4701226947237634,0.6125186289120715,-0.32936577435141645,0.07688838000079888,0.13644459571543283,0.25881548207163413,-0.3297292653186659,0.48120586476153343,0.34637715161869137,0.36278711655833534,0.21787318130599,0.3550354321671752,0.40059017715227957,0.6215926852399536,0.5669831241057296,0.5959368318788187,0.6065904216825666,0.31092686892185273,0.48850872873990897,0.31481952673476066,0.09789472640695787,0.1289897264234802,0.20074945228520163,0.4812124736882107,0.3317648147352629,0.43136794868829326,0.5929363791673413,0.07531202395075028,0.03302811106962174,0.15747420040248364,0.3154143301357143,0.170903539410682,-0.07046107176963926,0.5391595427944524,0.04927946176901141,0.44967467558431173,-0.02670336823948107,0.021462489384411525,0.21162113666929921,0.23877060745949555,0.5159489923039049,0.5194120698827907,-0.06916583641897547,0.21977655218904174,0.3257837360923399,0.2874585702908919,0.5196566001698494,0.1796537583313782,0.10476801015131137,0.41354367343971504,-0.15545847776591842,0.09118005690285869,0.6277720316831945,-0.048876317241698365,0.08001757974496151,0.8873244090793435,0.7863003558907016,0.2687486988675604,0.22120408035133055,0.4189563843883934,0.5021495534017798,0.4147068445349133,0.5392388499145796,0.4483793259555682,0.515902729817164,0.2363120867355537,0.5720521708671903,0.10362466583614488,0.4119641399638492,0.032439916595345335,0.06492940014077014,0.34744779774040796,0.16738098149170083,0.3107021654148258,0.22783283380862532,0.21081484761467315,0.5089369210993289,0.07087743415030683,-0.2131081451716834,0.3085608731713926,0.5957253462251463,0.6284791868376616,0.5641743302678929,0.5250957468252369,0.4714246532791842,-0.013459079178246057,0.1557096169796544,0.5738101453633423,0.11543481780841383,0.054956620585924286,0.4258693216928105,0.3474940602271488,0.09246218867824771,0.47192693170665617,0.10608318656008671,0.13676182419594146,-0.05266323222777005,0.4012708966000377,0.23964298578089424,0.33347652674467404,0.2155534480422707,0.7044554079194768,0.36799225432563887,0.45461815273890444,0.5342292834932143,0.09511897720250742,0.6884023250204051,0.2626618773978012,0.19866103145518652,-0.2676978795258756,0.5095581602069916
0.19826449585455075,1.0,0.7145538478823347,-0.5844042548269949,0.3210913981514832,0.7113683452238939,0.1504489113445531,-0.25430158515106355,0.5503748913657678,0.6979456151423729,0.2906242461693009,0.1752786488710301,0.5709484801120874,0.33343687318461046,-0.6164949169017123,-0.3674860634258693,-0.05346952128239613,-0.010134789059582778,0.2267093162734906,-0.3773135373949594,0.08018941183857035,-0.44967467558431173,0.2897820868054864,0.2917411547777583,0.3891831697073237,0.6008274376199934,0.6839214727332208,0.435782711708705,0.16475723760082744,0.23372138747806662,0.853737843705493,-0.6036626671645391,-0.4900552175823885,0.597351142187753,0.16455896980050955,0.7200789105845266,-0.4948004269366634,0.43888229832034126,-0.4880593217258551,-0.103049689215223,-0.29773545127403583,0.17243681039980702,-0.4154007818360259,0.6689059913224793,0.6790176491386917,-0.29950664362354235,0.4986336044094759,0.36466405173467803,-0.60984201360778,-0.4712660390389299,-0.08826552023818572,-0.213676512865928,0.33111713992089115,0.7246997477047964,-0.42890942796435144,-0.05198251278001196,-0.054672345937658,0.229333060164364,-0.6876356895258425,-0.5904051602499496,-0.1159767497959494,0.722755525888818,-0.5026253961225428,0.3299671866790474,0.655555959434408,-0.48623525796293054,0.2580554555037489,0.12028576998952485,-0.5064585735953553,-0.4376662558117249,-0.09429286136784955,0.45599280948777515,-0.35312486575617685,-0.20326084442256157,0.06958869344824054,-0.14267681357209183,-0.5775706246427049,0.7342286226005466,-0.26668671374425434,0.05175780927298502,-0.5152550550027922,-0.6357952686693917,-0.5214013568126469,0.5883762197600299,0.0014638772590137498,-0.35641611124145384,-0.26402992521999463,-0.053925537223127276,-0.6559194504016576,0.3009341717858311,-0.13746237042373133,0.20823736621054056,-0.10028715786412708,0.5246595576645375,-0.24099781574973317,0.37108131953830037,0.6515575587946639,-0.49858073299605776,0.11659798890361212,-0.45206049811480364,-0.3952442085059117,-0.2643075001404397,0.004755122744290714,-0.5547830454595022,-0.5215137085661603,-0.6372954950251305,-0.2445269825953916,0.7160739010181052,-0.19478159149563315,-0.6830424854851448,-0.3749871952045628,-0.3683452238939135,0.4216990889594575,0.456353749994427,0.6305676076676767,-0.21854729182707083,-0.4523578998152805,0.6138470231742014,-0.34370714524107715,-0.6449023696306602,0.553699181484431,0.689532451482217
0.22100581255101265,0.7145538478823347,1.0,-0.3769368285743554,0.34582200177780126,0.7456091943387934,0.38973831954821375,-0.2885820878260266,0.4315926521953202,0.5931016023342729,0.287888150524914,0.26497500173484323,0.5453190624576616,0.09776254787341263,-0.33526809981524214,-0.18344728224412715,0.15948331411237157,0.16760568499872777,0.3616503811698461,-0.2426830920524352,0.1797066297447963,-0.5317905895493042,0.32941258110450566,0.58209773941663,0.4021102302880501,0.656157371762039,0.7781978117843772,0.45754590725693195,0.44961519524421634,0.3265173269535161,0.7329266640451257,-0.31755562237914753,-0.30308868188261884,0.715743454684242,0.2968828997326689,0.7281219743507555,-0.36524563728227716,0.6775504674163393,-0.23432279980569756,0.1586968518377773,-0.16204757766314962,0.3009341717858311,-0.2351026531536146,0.6266419052213825,0.5479890688352758,-0.2589410516785022,0.7242557522445567,0.4477646957745827,-0.4254133057520793,-0.2386714735593366,0.08436625349860057,0.00960607492540174,0.6918125311858727,0.578103598402087,-0.06874275083355087,0.17667974132660985,0.08956086986692927,0.5137614375737308,-0.5293320688253624,-0.42232693699379753,-0.09427303458781777,0.6188235449621804,-0.3206287732840748,0.4027579051024218,0.6189821592024347,-0.2600976138470232,0.3045228189715849,0.1313821578806494,-0.3930493918135225,-0.27599869143251793,-0.06609918016264568,0.5708757819186375,-0.24005273923488457,-0.0800902779384114,0.10829717699696981,-0.07687833957326161,-0.34000614630180986,0.6133976161601475,0.07568873277135427,0.3329213769037839,-0.23877060745949555,-0.4852637457413729,-0.457949051784245,0.518790830775128,0.13715175086989997,-0.0892502503130979,0.10797333958978392,0.1776182089147812,-0.4385584609131554,0.26683211013115415,0.265847380056242,0.4094263121197802,0.13766063822404923,0.7065504376761692,0.018270377799293507,0.5332313355649476,0.6151225460229132,-0.1201337646759478,0.2937040060009054,-0.18562822804762394,-0.1321688385289648,-0.10546194745242399,0.31624705489704946,-0.3885024502595656,-0.44044200501617536,-0.4265434322138913,-0.07364657442808001,0.6221213993741347,-0.034733214152355585,-0.4145284035146272,-0.1629992631046755,-0.21240759894389352,0.5300722686132159,0.697745195716378,0.7590517512003463,-0.20522369564570866,-0.2872074310771559,0.7093592315140059,-0.09872084224161574,-0.6703203016314135,0.41816331318712185,0.5682123844677005
0.06482365731393393,-0.5844042548269949,-0.3769368285743554,1.0,0.0333916020368712,-0.6307857022480264,0.5220688584070504,0.4713387372323798,-0.6928699594542348,-0.6791828723056232,-0.321236794538383,-0.25801580194368534,-0.4237214205227,-0.4503223503986835,0.6861332923588567,0.6281421315771212,0.6788127724116965,-0.16982628436228814,0.29224343320523033,0.6441886055495157,-0.0938566722071502,0.7852429276223395,-0.42882752490388826,0.302136996441093,-0.36533155332908157,-0.43760016654495226,-0.27808050333585577,-0.3413940209040351,0.28786171481820494,0.02320724602720895,-0.6195637447500338,0.73315797647883,0.7368391486380654,-0.460387745728155,0.23142808992105637,-0.223854259948913,0.5864265863902373,-0.265470671235638,0.6614445131038493,0.4865392685900846,0.5942581645027939,0.10737192726215299,0.694006694842724,-0.7444261964635633,-0.2813849666744872,0.20243472858790368,0.04674163392494242,-0.44843219736898626,0.7234032007031898,0.811718287891455,0.5476850582081217,0.25171088589357643,0.17208653728591208,-0.8369393349107073,0.8387157533680742,0.5765198053010201,0.5465417138929552,-0.08686442778260596,0.6929558755010392,0.7416570561857901,0.6645110550820994,-0.8416567257394563,0.8881505249140014,0.2056797115864398,-0.4874711272515787,0.8336400976799363,0.10836326626374243,0.3026591016485968,0.8496270913122355,0.5169535491588488,0.16259611857736245,0.05316551065524203,0.7277188298234425,0.5667782473787345,0.291959249358108,0.5618876416375599,0.4937562165216558,-0.1428420367390234,0.5570829519431897,0.19015534282154906,0.6746954110917617,0.932621992525304,0.7945416874572485,-0.40389464049091106,-0.17475654366352633,0.4580481856844039,0.6407123101172754,0.10097448623856242,0.8673522326606548,-0.4543339688917821,0.3266296787070296,-0.1664755585369158,0.3746170953106361,-0.18824536301182007,0.2986210474487891,0.22862590500989688,-0.6737899881369767,0.7189752198294236,0.164545751947155,0.7453382283450256,0.6529894703110652,0.5691640699092264,0.479084399298132,0.6880322251264783,0.5845628690672491,0.6439903377491979,0.5738828435567922,-0.6360001453963869,0.5757928233665212,0.717250289966658,0.4761368180000727,0.44426196463563333,-0.16684565843084254,-0.07352112629524558,-0.47338089557565405,0.621050753252418,0.7155782315173105,-0.14253141718519205,0.4539770868512099,0.7017523569084763,-0.5703008052977157,-0.4657277584833835
0.6806830986613619,0.3210913981514832,0.34582200177780126,0.0333916020368712,1.0,0.5630111591726945,0.4680144471137165,0.4314009933216796,0.23438228014579293,0.4176742526130044,0.26126739386889875,0.3937565469679897,0.5875170592919857,-0.2153221356085665,-0.20592127764009727,-0.23855251287914586,0.06897406326725508,0.13376798041114132,0.2122489847036392,0.2617828901497252,0.07872883904289524,0.2511160824926228,0.2527786452011824,0.28830451290558157,0.6579748265982863,0.801289401594734,0.6770547979155446,0.8714695939805895,0.07578125774483595,0.4045092706718965,0.5339517085727692,-0.09119988368289048,-0.1412889389698666,0.5236946543696571,0.08783594000416363,0.5930090773607912,0.3557287828670185,0.6788193813383737,-0.2610559082152263,-0.22620703784601862,-0.2471308997062332,-0.06925824711437739,-0.18865511646581037,0.15802274131669647,0.7151684780633202,-0.19996959893728458,0.33148723981481787,0.3138810591465893,-0.28598477964186225,-0.07120788048416997,-0.05551167962567039,0.34463239497589393,0.5282349869969367,0.0561924919165199,0.14545917170321954,0.1485719761682104,0.04678789641168326,0.7257163250402319,-0.04743557122605503,-0.24860469035526286,0.24025761596187972,0.007378866635164116,0.0018538039329722656,0.3634612270794162,0.3596544853133127,-0.17954140657786472,0.9050825950611491,0.8349817097954206,-0.009923303405910364,0.03668284752214816,0.04732321947254156,0.2671625564650173,0.4102326011744063,0.3252021505447408,0.040205405441129334,0.36908542368176694,-0.030774467072675064,0.6719328797406657,-0.23723072754369326,0.2800697902657119,-0.29516457879658053,-0.07284028537345393,0.16675974238403812,-0.10398154787671708,0.21131051711546786,-0.01521705367439801,-0.09260097613847024,0.3329213769037839,-0.06906658824073676,0.02391440118167609,0.24478473073580484,0.5685163950948546,0.7218104493739694,0.4415589136246328,0.4651065193757208,0.333324521431097,0.3213954087786373,0.05857161267724315,0.5033325512770098,-0.2084290250841812,-0.2792573536826333,0.5384854322733716,0.04514227366904478,-0.2323335128758414,0.3378516362050221,-0.1791514799039062,-0.2452539645298905,0.16670026204394275,0.1256852630848487,0.17891355854352473,0.1716900016852763,-0.03148823115381946,0.829311250706329,0.6441136671186058,0.5355642866820214,0.43520773508778304,-0.24544562340353115,0.7971522134947674,-0.009599465998724478,0.00016852763027020597,0.17132651071802685,0.735371966915713
0.4233645384821278,0.7113683452238939,0.7456091943387934,-0.6307857022480264,0.5630111591726945,1.0,0.08145832576060485,-0.18414121954523976,0.6346519243542252,0.8605648649631057,0.39146324941097943,0.6086920603659363,0.8310097448623857,0.24790414412747297,-0.45966152326160936,-0.4610552473225586,-0.23425010161224766,0.20316831944907987,0.023650044114585572,-0.1766863502532871,0.35486301347229704,-0.506478400375387,0.6295773088745146,0.2467938444456928,0.7798698702337247,0.9228209542629229,0.7494754164449923,0.8139653229617244,0.002131378853417311,0.448650291949336,0.8753424250134657,-0.40968406026019344,-0.5077803589308079,0.8602410275559198,0.10803942885655655,0.7033913707244375,-0.3193796861420721,0.864166730002214,-0.5038414386311592,-0.33059503471338736,-0.3795077010518107,0.1352549889135255,-0.5476255778680263,0.7289943526721543,0.7088106905997932,-0.2540967084240684,0.45056688068574224,0.5899359264558639,-0.5902729817164043,-0.5017926713612075,-0.33009936521259264,0.20877929819807614,0.47568080205934155,0.699655178681844,-0.3429471186731919,-0.24015848206172077,-0.3063072291744459,0.7225969116485638,-0.4410566351971608,-0.5734598722494473,-0.26581433542285565,0.6162658903380797,-0.5037290868776456,0.23624599746878108,0.6249632378453577,-0.5895393908552281,0.49294331854035245,0.22682827695368132,-0.5703338499311019,-0.2579364948235582,0.07270810683990866,0.2707644215041256,-0.35848470529143717,-0.1599988103931981,0.002058680659967418,-0.23476559789307416,-0.23091920256690712,0.602354099682441,-0.2761573056727722,0.3772871016882503,-0.4824152983434725,-0.699485495058175,-0.5244877255709286,0.4420149295653639,0.4884426394731364,-0.09577326094355647,-0.23530752988060974,0.36212622389060906,-0.5809610040281408,0.3984951473955872,0.21577815154929764,0.7268993229154619,0.15350884439612586,0.7049180327868853,0.1486248475816285,0.20361772646313375,0.7693286321834902,-0.22498438641072496,0.42307374570832823,-0.47472250769113844,-0.4555441551388229,-0.17282012814708828,-0.11050455850717564,-0.5695077340964441,-0.21333945760538758,-0.4570832823895235,-0.38824470211915235,0.6142237319948054,-0.11714652981782493,-0.3951312037168604,-0.035480022866886306,-0.15279508031498146,0.6827120391512816,0.6406010167859236,0.9387749032618358,-0.2939221005812551,-0.4934918594545653,0.7119102772114295,-0.10155607178616156,-0.5746693058313864,0.48488042799409165,0.8965174260874162
0.30108617709940816,0.1504489113445531,0.38973831954821375,0.5220688584070504,0.4680144471137165,0.08145832576060485,1.0,0.20316831944907987,-0.1671364512046421,-0.04950416527603835,-0.03621361372806249,-0.056331186533651004,0.09552212172982047,-0.3191483737083679,0.1804702589549437,0.258108326917167,0.649145300557463,0.04670858929155611,0.49867325796953943,0.4608305438155316,-0.10349909622927689,0.3778290336757859,-0.21939690139990722,0.7583445960458791,0.037396611603292565,0.20902382848513487,0.4433036702674302,0.16212027585659952,0.5327422749908302,0.24031709630197506,0.13733019189018608,0.24446089332861898,0.2988060973957524,0.25526648844594396,0.32049659475052955,0.42210884241344787,0.22186497301905683,0.3215738497989234,0.26249665423086965,0.4338925586790077,0.23484490501320132,0.1859718922348416,0.31199090611689206,-0.15522716533221423,0.31510371058188297,-0.0900168858076604,0.6311491932152758,0.006142997346515939,0.14950383482970447,0.4794478902653814,0.4553186989666943,0.1430535223926958,0.7895651656692695,-0.19944451879526462,0.603735365357989,0.6348832367879295,0.5033986405437825,0.36617749594377125,0.13462053195250825,0.1726681228335112,0.5808023897878865,-0.21618129607661069,0.4994861559508428,0.5025394800757383,0.19599102507757227,0.3989709901163502,0.4880394949458233,0.48373708367892515,0.4127968647251843,0.13324587520363756,0.0192352810941739,0.4633353270262143,0.46900578611530597,0.5331520284448205,0.294649082515754,0.45740051087003214,0.05989339801269575,0.5338922282326739,0.4139269911869963,0.4183351452807307,0.2441370559214331,0.33658272228298763,0.3271980464012742,-0.07866935870279987,-0.11327369878494883,0.15255715895459998,0.5351413153746766,0.13763420251734018,0.28311650546393013,-0.20566649373308526,0.5030087138698239,0.23100511861371154,0.4966112728462334,0.44927813998367594,0.2724166531734414,0.6625217681522433,-0.06611900694267747,0.46909831108878763,0.32136897307192824,0.3733481813886016,0.31354121746586733,0.506352830768519,0.5703999391978746,0.15598719190009946,0.22896296027043728,0.04730339269250977,0.2938890559478688,-0.028586912342501016,0.4851844386212457,0.2401188285016572,0.3111780081355887,0.1360744958215061,0.3610291420621834,0.6497874400454311,0.19256760105875007,0.43974806771506275,0.25149279131322677,0.5154929763631737,0.14951044375638176,0.03881753083890411,-0.05135466474567198,0.1984891993615777
0.6006556055263845,-0.25430158515106355,-0.2885820878260266,0.4713387372323798,0.4314009933216796,-0.18414121954523976,0.20316831944907987,1.0,-0.5053416649868978,-0.16549082846200364,-0.3047607403319664,0.20554092412621727,0.21014734602026958,-0.646911483340548,0.40611921532139345,0.444328053902406,0.39236867236576445,-0.3234309581952343,0.4590064800526071,0.4170794492120507,0.2074310771559145,0.6632289233067103,0.02987570240618973,0.16418226097990557,0.25842555539767564,0.06555063924843285,0.15841927691733224,0.2078937020233229,0.28734621853737846,0.34524041623020213,-0.1579434341965693,0.43619907408937253,0.524269630990579,-0.36464422495464627,0.33904124300692945,0.02014070404895893,0.853513140198466,0.0749154883501145,0.4166300421979968,0.26218603467703827,0.348227651088325,0.2860112153485713,0.52660919103433,-0.5670822580058885,0.24482438429586842,0.35928438541938595,0.11361075404548925,-0.4610552473225586,0.4677236543399169,0.48392874255256574,0.4719071049266244,0.4182227935272172,0.0685775276666193,-0.6303274232917477,0.4367410060769081,0.48418649069297903,0.52110395511217,0.1298951493782652,0.5029624513830832,0.4614121293631308,0.6063392824688306,-0.5840539817130999,0.4371309327508666,0.47853585838391915,-0.47339411342900856,0.4430591399803715,0.5572019126233804,0.737255511018733,0.5958376979786598,0.5962738871393591,0.5008938573330998,0.3008086021789631,0.7535200795714772,0.6217645173335624,0.3624434523711177,0.7932595556818595,0.4245078827972943,0.16493567862111355,0.23721090076366147,0.0393726806797942,0.3399532748883918,0.5649013122023918,0.7765125354816751,-0.2410110336030877,0.053324124895496344,0.40698761817587015,0.24097798896970138,0.33005971165252906,0.5175681793398343,-0.3805651293201728,0.12930034597731155,0.08648111003532472,0.7098284653080916,-0.028005326794901874,0.5438386628819547,0.33111713992089115,-0.4929168828336434,0.23542649056080048,0.39029346938910386,0.41090010276880984,0.3609900849418632,0.6833795407456852,0.36632289233067106,0.5378179306789681,0.6569768786700196,0.47710833022163035,0.38180099860882094,-0.41378159480009646,0.3881455682189934,0.6121154843847585,0.36018980837417097,0.4224591155273428,0.39460248958267935,-0.08182525638558458,-0.13953096447371466,0.8493164717584041,0.4250498147848299,0.3020444714676113,0.38993658734853165,0.6345263547473573,-0.5412479636244676,0.002303210947026148
-0.1561061525802902,0.5503748913657678,0.4315926521953202,-0.6928699594542348,0.23438228014579293,0.6346519243542252,-0.1671364512046421,-0.5053416649868978,1.0,0.6309244897082489,0.8278440689839767,0.25426193159099997,0.3390081983735431,0.6379431698395022,-0.6788138939704361,-0.7537315652251496,-0.5927248935136689,0.5754293323992717,-0.43337045347150394,-0.3590993354724226,-0.017047726363999854,-0.46182849174379836,0.3734941948749482,-0.24005934816156183,0.38870732698656074,0.5560453504548594,0.2108016297613186,0.49598342481189345,-0.44121524943741514,-0.01843560096622508,0.6696197554036237,-0.6064780699290532,-0.7823746534444074,0.7212751263131111,-0.40455553315863735,0.46789548643352574,-0.524771909418051,0.35678621113538056,-0.7796187310199887,-0.5742529434507189,-0.6524497638960944,-0.35760571804336116,-0.8331179924724326,0.9008793176944099,0.29678376583251,-0.3489414151694694,-0.07826621417548683,0.817097954206747,-0.7502090073061685,-0.7864060987175377,-0.6265559891745781,-0.1671232333512876,-0.03526853721321389,0.7919192520015237,-0.6383330965134607,-0.647988738388942,-0.6819255768766873,0.2904127605156285,-0.5733937829826747,-0.7618473271848285,-0.5789452813915756,0.7630171072067041,-0.6499581985387664,-0.3279845086758685,0.8227089329557433,-0.7693286321834902,0.00014870085023841703,-0.182865696696528,-0.7738755737374472,-0.45604568090119324,-0.3715571622590633,-0.2557885936534477,-0.5699967946705615,-0.5215137085661603,-0.4539308243644691,-0.593002468434114,-0.4690784843087558,0.19317562231305824,-0.6447305375370513,-0.061836422455811065,-0.7332174568189254,-0.7337792155864927,-0.7093394047339742,0.2509045968389504,0.2100019496333698,-0.43658239183665376,-0.6246129647314628,-0.08205312916155852,-0.6738957309638128,0.7821697767174122,-0.12672947349985625,0.2451878752631179,-0.230866331153489,0.11502506435442351,-0.24356868822718847,-0.3013637520198532,0.9377967821136008,-0.4571097180962326,-0.056317968680296475,-0.7693021964767812,-0.7321612382515474,-0.35185595183414237,-0.5995585236979588,-0.7759177320807215,-0.40159473400722356,-0.6104302080820564,-0.6885807660406912,0.7903384100905092,-0.44517399651709566,-0.5135235162133494,-0.3367479454499192,-0.4360933312625363,0.16724880295815558,0.337693579913256,0.46488181586869387,-0.5964126745995817,-0.685586922255891,0.18635520998212285,-0.42627246622012355,-0.5751451485521494,0.9329590477858444,0.5869420826710638
0.33005971165252906,0.6979456151423729,0.5931016023342729,-0.6791828723056232,0.4176742526130044,0.8605648649631057,-0.04950416527603835,-0.16549082846200364,0.6309244897082489,1.0,0.30334643002303213,0.4187184630280119,0.7894792496224651,0.31149523661609735,-0.49496646790354404,-0.5453653249444024,-0.3241843758364423,0.3021237785877385,-0.09525115573605268,-0.26872226316085135,0.23837407185885975,-0.4429335703735035,0.50166132168907,0.08784915785751815,0.7594615046543366,0.7482659828630531,0.5889842410143381,0.6690844323427654,-0.13446191771225394,0.3018462036672934,0.9020028352295445,-0.44954910597744374,-0.5412942261112084,0.7318824536301182,-0.0678108921720568,0.5776631496161866,-0.36026911549429813,0.6631562251132604,-0.5715961549264592,-0.39723945132690724,-0.44090462988358375,0.05744148621543118,-0.6253994270060571,0.6970468011142651,0.746151126326329,-0.17202705694581671,0.33017206340604255,0.4633551538062461,-0.613688408933947,-0.5646699997686876,-0.3884297520661157,0.026782675359608224,0.2736326956820578,0.6670136358914069,-0.47243581906080545,-0.3407595639430178,-0.38402820689905853,0.5076878339573262,-0.4595880656002062,-0.6363636363636364,-0.3352675458742123,0.5437924003952138,-0.5171385991058122,0.11957200590838045,0.5296162526724847,-0.6313606788689483,0.36521920157556814,0.1720468837258485,-0.6130803876796389,-0.20659835239457935,0.07200095168544153,0.1517310431199421,-0.46995086263015456,-0.27087016433096184,-0.15921895704528105,-0.3472693567201219,-0.32926664045125753,0.4620135416907617,-0.34491657882301624,0.23089276686019808,-0.5357691634090166,-0.7089494780600156,-0.5799498382465196,0.3858588795886604,0.36531833547572706,-0.2035384193430066,-0.356369848754713,0.19431235770154748,-0.6151291549495904,0.48342646412509377,0.08326256274349764,0.5328347999643118,0.037707231157123926,0.5658463887172404,-0.03943876994656683,0.06590752128900505,0.684906202808133,-0.32946490825157543,0.25182984657376717,-0.5422723472594433,-0.508313217380217,-0.32204969251968635,-0.22100581255101265,-0.6135430125470474,-0.25531935985936205,-0.4667917956784228,-0.45948893170004723,0.5286976118643452,-0.2618357615631433,-0.47956685094557217,-0.07394397612855684,-0.1348254086795034,0.5460063908320969,0.46471075158554015,0.7283136332243962,-0.3626945915848537,-0.4904517531830243,0.5437990093218911,-0.173190228041015,-0.5971528743874351,0.4952366160973627,0.8372683984257536
-0.15732880401558386,0.2906242461693009,0.287888150524914,-0.321236794538383,0.26126739386889875,0.39146324941097943,-0.03621361372806249,-0.3047607403319664,0.8278440689839767,0.30334643002303213,1.0,0.2282624140426474,0.16684565843084254,0.5363441400299385,-0.4485188544734585,-0.5502625396122542,-0.3935913238010581,0.5709616979654419,-0.32639836627332536,-0.13634546181527388,0.008429685976848929,-0.1488759867953645,0.299778104920598,-0.20463550117143225,0.2679490187396116,0.4231266171217463,0.04489774338198605,0.41271755760505713,-0.37178186576609024,0.01261974549023366,0.39610932486509526,-0.3211640963449331,-0.5819259073230212,0.5406729870035457,-0.3164519316240446,0.4102722547344698,-0.2730709369144904,0.24047571054222938,-0.6014090231675925,-0.42303409214826465,-0.44940370959054393,-0.3336615766916374,-0.6079584695047601,0.7080903175919715,0.10067708453808559,-0.32371514204235663,-0.17516629711751663,0.8222264813083031,-0.4915223993047409,-0.5625551432319634,-0.42525469151182504,-0.043754399066819556,-0.04649710363788369,0.45676680859422497,-0.3663427191107028,-0.497556349361082,-0.5396684301486017,0.23849964146572775,-0.31042459049438076,-0.48855499122664986,-0.40335931743005277,0.48788748963224626,-0.3779215586492676,-0.3285396585167586,0.7178517022942889,-0.46471659270176224,0.01333350957137806,-0.08965339484041095,-0.4688339540216971,-0.24635104635831617,-0.3680940846801775,-0.2738177456290211,-0.25735490927595905,-0.3890708179538102,-0.3793424778848791,-0.3945496181692612,-0.281530363061387,0.06514088579444255,-0.5231262866754125,-0.08164998463424547,-0.5313411825352503,-0.3415195905109031,-0.3711870623651366,0.12707974661375118,0.18322918766377747,-0.24833372436149506,-0.4589932621992525,-0.03267122902904954,-0.2999362238575644,0.6848995938814557,-0.08117414191348254,0.14923947776261395,-0.1038890229032354,-0.09134528006979027,-0.15093797191867056,-0.30285076052223736,0.7903978904306046,-0.231243039974093,0.007722530822381791,-0.5468985959335274,-0.5459841616817945,-0.09970557231652794,-0.49301601673380235,-0.5423780900862796,-0.15609293472693567,-0.31874522918105486,-0.5003585342722415,0.6509958000270966,-0.28297771800370763,-0.20834971796405405,-0.25481047250521277,-0.3470843067731585,0.06398432362592153,0.2623384734349073,0.2743068062031386,-0.3733746170953106,-0.43197596994260146,0.10147676466603442,-0.26272135773789657,-0.21924122912818345,0.8403085046972947,0.3766526447272331
0.4701226947237634,0.1752786488710301,0.26497500173484323,-0.25801580194368534,0.3937565469679897,0.6086920603659363,-0.056331186533651004,0.20554092412621727,0.25426193159099997,0.4187184630280119,0.2282624140426474,1.0,0.6805310933477848,0.08569464776073042,0.15489367045545155,0.0577058432825217,-0.04543306644284435,-0.08399615360467383,0.025996213085013927,0.18421391773868964,0.8218563814143764,-0.12119780187098714,0.9008808061594377,0.15136094322601537,0.703153449364056,0.6207203069185548,0.337144481050555,0.5942978180628575,-0.023616999481199257,0.6822560232105505,0.3429471186731919,0.17669956810664164,0.028203594595219764,0.4316190879020293,0.3558609614005637,0.42765373189567146,0.16317770412496158,0.7137343409743541,0.020973428810294063,-0.1130820399113082,0.1346469676592173,0.38321530891775524,-0.07897336932995397,0.3089904534054147,0.33922629295389284,0.18262116640946927,0.2592714980123653,0.30207751610099765,0.05493670300474851,-0.06839908664633321,-0.14446122377495282,0.6986131167367764,0.2502238773911923,0.23083366791111423,-0.015210444747720746,-0.20591763294682128,-0.15613258828699925,0.6557211826013396,0.22657713773994534,0.06912606858083213,0.00010243836349757618,0.14473879869539788,-0.0849676658262315,0.28738587209744204,0.12828257126901305,-0.1305956956060551,0.38975814632824557,0.20344589436952493,-0.09057864457522775,0.2464039177717343,0.5238466596832342,0.103175258822091,-0.044745738068409,0.11518367859467783,0.35900020157226364,0.043364472392861036,0.45370612085744216,0.24046910161555213,0.05506227261161651,0.5222010369405956,0.06321107920468176,-0.20940714623241613,-0.039637037746884714,0.3539047191040939,0.8737364558308908,0.4743193631638254,0.07706999844690222,0.7790305365457123,-0.019109711487305905,0.2888332270397626,0.43709127919080304,0.7665396651256853,0.29604356604465654,0.41861272020117574,0.5492381559772785,0.08630927794171588,0.343528704220791,0.16693818340432423,0.6748870699654023,0.012613136563556396,0.014301740959405946,0.05247157335412942,-0.005872031352748157,0.058756662624206514,0.2938163577544189,0.19700879978587077,0.05865091979737031,0.26526579450864285,0.3341902908258184,0.18648077958899084,0.41579070850998445,0.364386476814233,0.4873653844247425,0.2632670291672532,0.6667977437124324,-0.02160788577131131,0.04760079439298661,0.4090165586657899,0.4435217648477799,0.10926868921852746,0.018052283218943827,0.523417079449212
0.6125186289120715,0.5709484801120874,0.5453190624576616,-0.4237214205227,0.5875170592919857,0.8310097448623857,0.09552212172982047,0.21014734602026958,0.3390081983735431,0.7894792496224651,0.16684565843084254,0.6805310933477848,1.0,-0.007279732735005172,-0.1631251022322261,-0.13933930560007401,0.013181504257801012,-0.0025014787473440375,0.2532507658093787,-0.009011271524448071,0.5733210847892248,-0.1988592992555044,0.647556923606522,0.34995258095109066,0.9113478575511944,0.8200323176514518,0.7225969116485638,0.7715360136936961,0.14649677319154983,0.6984545024965221,0.7487087809504297,-0.10373040866298108,-0.17899947459032917,0.5709220444053783,0.33442160325952264,0.6802006470139217,-0.023015587153568325,0.8058231252953364,-0.21092059044150935,-0.10593118124650966,-0.08029515466540657,0.43383968726558964,-0.23547936197421857,0.43105732913446193,0.815511811804204,0.07581430237822226,0.5328281910376346,0.23288205379005422,-0.24723003360639215,-0.24416349162814213,-0.03939911638650325,0.3716827318659313,0.4142243928874731,0.3495202737426723,-0.1609438869080467,-0.026260570152104448,-0.027126339546825896,0.6521854068290039,-0.13911460209304707,-0.2618489794164979,0.01653223008317334,0.29473499856255847,-0.24705159258610607,0.4721582441403604,0.2591525373321746,-0.29334712396033324,0.5960954461190731,0.4487362079961404,-0.26697089759137665,0.1398812375876096,0.47289844392821384,0.429173785031442,-0.12251297827976247,0.05045585071756421,0.24963568291691587,0.05202216634007554,0.017688792251694365,0.5837631889393003,-0.040013746567488705,0.4178989561200313,-0.20104685398567845,-0.38242223771648365,-0.19904434920246777,0.40011433443151667,0.5575918392973389,0.21066945122777336,-0.05625848834020111,0.5346059923138182,-0.26468420896104367,0.22360972966185427,0.2673740421186897,0.6822229785771642,0.3470446532130949,0.6482200508226461,0.29477465212262205,0.3631770432322939,0.4424643365794178,-0.10063743097802201,0.6121220933114357,-0.1920917583379871,-0.1568466115152965,-0.022420783752614658,0.11117866902825646,-0.21965098258217375,0.03917441287947631,-0.11456904841369238,-0.07198112490540974,0.3590662908390363,0.10195921631347461,-0.15110319508560213,0.17056648415014158,0.1789730388836201,0.7516497533218117,0.4523487338107856,0.8108855631301198,-0.010577587146959399,-0.14937826522283648,0.7421064631998441,0.182865696696528,-0.24917305804950746,0.19306327055954478,0.8304612039481728
-0.32936577435141645,0.33343687318461046,0.09776254787341263,-0.4503223503986835,-0.2153221356085665,0.24790414412747297,-0.3191483737083679,-0.646911483340548,0.6379431698395022,0.31149523661609735,0.5363441400299385,0.08569464776073042,-0.007279732735005172,1.0,-0.41704378916885093,-0.5221679923072093,-0.447269026273788,0.24922592946292557,-0.5314270985820548,-0.3270592589410517,0.019182409680755796,-0.4168679635583783,0.27341505284709045,-0.3678495543931188,0.0383549059714957,0.08946173596677032,-0.2137690378394097,-0.002052071733290155,-0.5341367585197326,-0.21773439384576748,0.23769996133777893,-0.3956929624844277,-0.5702545428109748,0.34350226851408194,-0.28516527273388165,0.10068369346476286,-0.6813043377690247,0.01209103135605262,-0.5573076554502167,-0.5067163217357685,-0.3266428965603841,-0.279719517151817,-0.632358626797215,0.6426222899270044,-0.11989584331556634,-0.3579361643772243,-0.25774483594991754,0.5969215619537309,-0.4658533280902515,-0.561590239937083,-0.5939673717289944,-0.17152477851834472,-0.21826971690662578,0.616475090088922,-0.5204364535177665,-0.6930417915478436,-0.6776826459498845,-0.0911602301228269,-0.37406194546974597,-0.4360801134091818,-0.5463698817993464,0.491423265404582,-0.42970249916562303,-0.4255587021389791,0.5564484949821724,-0.4702218286239223,-0.34549816437061537,-0.5258227287597358,-0.5299929614930887,-0.46650100290462326,-0.3574140591697205,-0.4002597308184164,-0.6409700582576887,-0.5866116363372007,-0.28494056922685473,-0.7342087958205148,-0.3346264799865178,-0.12967705479791555,-0.4457687999180493,-0.06816116528595173,-0.45067923243925573,-0.4992350167371068,-0.6228880348686971,0.38316904643101435,0.1409849283427125,-0.35525954907293283,-0.41050356716817404,-0.14522125034283806,-0.44549783392428155,0.6265361623945463,-0.21140304208894956,0.007471391608645798,-0.6530115226636618,-0.046331880470952116,-0.47963954913902207,-0.4949986947369812,0.5703933302711973,-0.2902475373486969,-0.20626129713403896,-0.5057249827341791,-0.4993911516245802,-0.6530181315903391,-0.5732153419623885,-0.5482798616090754,-0.37394959371623254,-0.36753232591261015,-0.4628528753787741,0.4742995363837936,-0.2987928795423979,-0.4943245842159004,-0.28022179557928895,-0.3454585108105518,-0.3473156192068627,-0.0510077803718554,0.12385459039524686,-0.6804055237409169,-0.35596670422739995,-0.23976194646108498,-0.27336172968829,-0.3476196298340168,0.5992148595107412,0.17217906225939375
0.07688838000079888,-0.6164949169017123,-0.33526809981524214,0.6861332923588567,-0.20592127764009727,-0.45966152326160936,0.1804702589549437,0.40611921532139345,-0.6788138939704361,-0.49496646790354404,-0.4485188544734585,0.15489367045545155,-0.1631251022322261,-0.41704378916885093,1.0,0.8465949927395853,0.6307603087043361,-0.27927718049542366,0.2218355993731146,0.49252776993033665,0.4627545060568968,0.466723173083756,0.05954332165752429,0.23874456621444554,-0.13420439130876935,-0.3945403566518559,-0.3343428485516946,-0.350696664634897,0.2835531631205325,0.34926913411399513,-0.5897055883532133,0.9510129022997212,0.9099482685422033,-0.46096348396817266,0.45161183726874593,-0.23925675887819503,0.5319137335382755,-0.07026292006003897,0.9022257249603799,0.5700968705036026,0.8299140342453429,0.49587189235430124,0.7639370102168079,-0.6384465031293772,-0.2900662711221474,0.6037694075591356,0.13074461247686128,-0.5245745083370646,0.9407558311495373,0.8218676527212778,0.48482174869250516,0.6008251258597754,0.07068589206623212,-0.6775163571475779,0.7949395364832467,0.38315315717262466,0.46534520959482983,0.046573183244424075,0.8388493178761732,0.9300262209611845,0.46910239061859244,-0.7425075300592877,0.8230043899879219,0.27407594660676726,-0.6765866820003253,0.8661805793076073,-0.08051007780382774,0.07501144172331677,0.7094892778258348,0.7554577432801546,0.585651005137596,0.04573715263843293,0.45855122174535234,0.4054285813425312,0.5381228304104391,0.4110560917061791,0.8776272592252095,-0.32784626289407165,0.7831987588425883,0.4364872835785424,0.9481016652883449,0.7505836518025383,0.5919460181985177,-0.08281659702509978,0.31277788517344063,0.8573345163343333,0.7971270948277769,0.5526889288737157,0.8605894181007415,-0.2306915757527837,0.5458850276178431,0.06842563540813747,0.3019227051707492,-0.0686470348176292,0.5293263344691408,0.14455398758530802,-0.6508911326240914,0.8029099152249488,0.44901452479321613,0.897880348490505,0.8701440750776551,0.23394978198799035,0.5308827392731797,0.8987196835652945,0.5286158736774883,0.9380263399220722,0.7826270857404679,-0.571735887027601,0.719197807155487,0.793022944580184,0.7091390041332061,0.8026257309082878,-0.1548639302362661,-0.2746745092855727,-0.2375913066038095,0.38746548895451577,0.8812654793722302,-0.23198362305295187,0.8825145685780194,0.6955642463094447,-0.719283723344245,-0.46811435444787564
0.13644459571543283,-0.3674860634258693,-0.18344728224412715,0.6281421315771212,-0.23855251287914586,-0.4610552473225586,0.258108326917167,0.444328053902406,-0.7537315652251496,-0.5453653249444024,-0.5502625396122542,0.0577058432825217,-0.13933930560007401,-0.5221679923072093,0.8465949927395853,1.0,0.8039594079723482,-0.5733144758625476,0.5896980050954824,0.3886610644998199,0.4175751187128454,0.3991956936233771,-0.036630036630086626,0.4567726628356922,-0.25701124508874135,-0.4096377977734526,-0.11935391132803078,-0.4299932919394226,0.6051100221068597,0.36348105385944796,-0.5249767861450461,0.762461957365814,0.9155709616979655,-0.5590722388730458,0.709987079548346,-0.14703870517908538,0.47662587857419014,-0.14541951814315596,0.9555020966819884,0.8330254674989508,0.9190208214234967,0.7029089190769973,0.9517416174026258,-0.6479094312688148,-0.21192514729645331,0.6205815194583324,0.3529398158092135,-0.6822163696504869,0.9009718426678915,0.8671671827136914,0.7890694961684748,0.4237214205227,0.1605539602340882,-0.624081977262802,0.7337924334398472,0.6671281900462955,0.7866241932978875,-0.13735662759689513,0.6487025024700863,0.9127687767868059,0.6590785173533892,-0.5593167691601045,0.7120292378916202,0.5509498679866897,-0.6587811156529124,0.9020953602030263,-0.04120335336939605,0.12626684863244786,0.7722101242147769,0.6163980688716248,0.6109258775828511,0.4178130400732269,0.5139200518139851,0.5349430475743587,0.7616688861645424,0.6277984673899035,0.6796719328797407,-0.07176963925173732,0.8788782007858014,0.3239464544760608,0.9279957438512199,0.7196757660572135,0.6435211039551122,0.124436175942846,0.08050664031907898,0.7455563229253753,0.8425885844009504,0.40571870425383566,0.7347771635147594,-0.4172248455989505,0.39688256928633503,-0.08217208984174926,0.2813915756011645,0.016671017543395866,0.42497711659138,0.4861691686961579,-0.6923280274666993,0.5755945555662033,0.36989171273639304,0.9414250828594182,0.962472800092517,0.2978015405408085,0.7794138542929936,0.9234884558573265,0.3500649327046041,0.7601091794687084,0.9731016684235396,-0.4203442589906186,0.7439173091094141,0.581569025282449,0.49612221227211595,0.6567323483829609,-0.087644281130523,-0.26809816255049057,-0.2237815617554631,0.5310768254681598,0.8796514452070412,-0.05811559673651201,0.7296420274865261,0.5954345534513468,-0.7282739796643326,-0.48308279993787606
