1.0,0.8353413521954272,0.8345000900482114,-0.8251635714802834,0.991971766526644,0.8245952019078793,-0.5670378692780942,-0.8254741920605507,0.6075507236831796,0.8187264556253807,0.6067246051186387,0.5670048245355126,0.8245885929593629,0.5659341748758676,-0.9996464212598363,-0.6162590315569701,-0.6066320798394101,0.6066254708908938,-0.5699986782134088,-0.8343613019000581,-0.9996530302083526,-0.8257181472412506,0.565940783824384,-0.5706539069697614,0.6067378230156714,0.9925913442315254,0.8720540612036245,0.9919238649185079,-0.5707256625502047,0.8251173088406691,0.8251437446347344,-0.8750280880359717,-0.9916694204006293,0.984292155662165,-0.6067179961701223,0.8353347432469108,-0.825724756211606,0.9424525807995412,-0.9919172559699916,-0.6066386887879265,-0.9919238649185079,-0.6077027294990551,-0.6075639415802122,0.8252032251713813,0.875014870138939,-0.9998777344579077,0.8354272685261395,0.6075969863227939,-0.9980784450453862,-0.9913984535114599,-0.5707322714987211,-0.8733560240613409,0.8715914348074816,0.8256394157734589,-0.9842657198244216,-0.5699524155737945,-0.570467913558068,0.607557332631696,-0.8713204679183121,-0.9928656400820846,-0.5670246513810616,0.8343566188664945,-0.8252032251713813,-0.5704613046095517,0.9928639760504862,-0.9914050624599763,0.9999322581671473,0.9996530302083526,-0.8245952019078793,-0.8733626330098572,-0.9996794660024179,0.8720474522551082,-0.44213535126802755,-0.44239970920868066,-0.6075969863227939,-0.5659540017214165,-0.8740896173466532,0.8721069327917551,-0.6160167867325946,-0.9996199854657709,-0.9933794748864839,-0.8251734849030579,-0.8254411473179691,0.8260822153240529,0.5670378692780942,-0.8762441345629759,-0.616023395681111,-0.8760987376956166,-0.8353347432469108,0.5669982155869963,-0.876125173489682,0.5700052871619251,-0.44217500495912554,0.834488797836821,-0.8354272685261395,-0.5699788513678598,0.9832297931452796,-0.8721003238432388,0.5658152138025737,-0.9917685546283743,-0.9923402286750366,-0.4421816139076419,-0.570831405726466,-0.9928623120160994,-0.834488797836821,-0.875014870138939,-0.6159969598870457,0.8343500099179781,-0.9997819039782697,-0.8353215253498782,-0.8721069327917551,-0.8761119555926493,0.9996860749509342,0.8762375256144596,0.8251635714802834,-0.44237327341461535,-0.9935975705478676,0.8733626330098572,-0.8762375256144596,-0.8344557530942394,0.99258473526117,0.9925682373988499
0.8353413521954272,1.0,0.9991590126921761,-0.9896041583366654,0.827306808363418,0.9886722996751712,-0.4817213610423599,-0.9901328724708464,0.44288730788676267,0.9827507013723437,0.44206119205210476,0.48175440567574623,0.988665690748494,0.4828514875041719,-0.835669038169856,-0.451595314924754,-0.4421404991722319,0.44213389024555466,-0.4787605618909461,-0.999020225002644,-0.8356624292431788,-0.9903740664914292,0.48284487857749464,-0.47810706809418885,0.4420744099054593,0.8279261119601081,0.9632874123078041,0.8272426566563458,-0.4780335799564472,0.9895909404833108,0.9896173761900199,-0.9603133953030358,-0.8270047352959643,0.8196272228759736,-0.4420545831254275,0.9999933910733227,-0.9903806754399456,0.8571480498709607,-0.8272360477296684,-0.44213389024555466,-0.8272426566563458,-0.4430393132003397,-0.4429005257401172,0.98954467799657,0.9603266131563903,-0.8354641614428608,0.9999140839531956,0.4429335703735035,-0.8333341594516703,-0.8267337693021964,-0.47802697102976993,-0.9619854537523833,0.9637500371752126,0.9902980956377779,-0.8196536586263605,-0.47880682437768696,-0.4782913280968604,0.4428939168134399,-0.9640210031689803,-0.8282009510245488,-0.4817345788957144,0.9990152699250878,-0.98954467799657,-0.4782979370235377,0.8281990149389816,-0.8267403782288737,0.8354093658570555,0.8356888649498878,-0.9886722996751712,-0.9619788448257061,-0.8356492113898243,0.9632940212344814,-0.606649902022662,-0.6063855449555715,-0.4429335703735035,-0.48280522501743106,-0.9612518628912071,0.9632345408943861,-0.4513533429603365,-0.8357219095832741,-0.8287145120715295,-0.9895777226299562,-0.9900998278374601,0.9907408937251546,0.4817213610423599,-0.9590709170877104,-0.4513599518870138,-0.9592427491813192,-0.9999933910733227,0.4817610146024235,-0.9592163134746101,0.4787539529642688,-0.6065838127558894,0.9991474484586331,-0.9999140839531956,-0.4787803886709779,0.8187237501693537,-0.9632411498210633,0.48297044818436263,-0.8271038691961232,-0.8276656279636906,-0.6065772038292121,-0.47792783712961096,-0.8281970788492775,-0.9991474484586331,-0.9603266131563903,-0.45133351618030476,0.9990086609984106,-0.8350703853062578,-0.9999801732199682,-0.9632345408943861,-0.9592030956212556,0.8356558203165015,0.9590775260143877,0.9896041583366654,-0.6063855449555715,-0.8289326070122228,0.9619788448257061,-0.9590775260143877,-0.9991144038252467,0.8279195030115918,0.8279035493240721
0.8345000900482114,0.9991590126921761,1.0,-0.9904484329396359,0.8264655343334876,0.9895165727384917,-0.4825647965032089,-0.9909771479473773,0.44205200903502107,0.9835949646517875,0.44289134410981057,0.4825978411911927,0.9895099638008948,0.4836949248322562,-0.8348277793485399,-0.45077985592492237,-0.44298386923616534,0.44297726029856854,-0.4796039924598568,-0.9998645165554161,-0.8348211704109432,-0.991218345150955,0.48368831589465944,-0.478950498975613,0.44287812623461703,0.8270848375611671,0.9624463643421299,0.8264013839126607,-0.47887700932421234,0.9904352150644424,0.9904616508148295,-0.9594723424235844,-0.826163462159177,0.8187859361575573,-0.44288473517221383,0.999165621629773,-0.9912249541103908,0.8579921056252118,-0.826394774975064,-0.44297726029856854,-0.8264013839126607,-0.44219740566214993,-0.4420586179726178,0.990388952501265,0.9594855602987779,-0.8346229022830401,0.9990730965034181,0.4420916626606016,-0.832492895380345,-0.8258924957177096,-0.47887040038661555,-0.9611444036355666,0.9629089899739037,0.9911423713872966,-0.8188123719516225,-0.47965025502303416,-0.47913475789048626,0.44205200903502107,-0.9631799564153711,-0.827359679864192,-0.4825780143784024,0.9998595600774336,-0.990388952501265,-0.47914136682808306,0.8273577423831868,-0.8258991046553064,0.8345681052144603,0.8348476061613302,-0.9895165727384917,-0.9611377946979699,-0.8348079525357496,0.9624529732797267,-0.6074935438949143,-0.6072291863910436,-0.4420916626606016,-0.4836486622690788,-0.9604108115623254,0.9623934928413558,-0.4505114491588841,-0.8348806508493141,-0.8278732403674576,-0.9904219971892488,-0.9909441032593935,0.99158517020628,0.4825647965032089,-0.958229862155392,-0.4505180580964808,-0.9584016945329079,-0.999165621629773,0.4826044501287895,-0.9583752587825208,0.47959738352226006,-0.6074274545189466,0.9999917388293689,-0.9990730965034181,-0.47962381927264713,0.8195677424376026,-0.9624001017789525,0.483813885708998,-0.8262890319735157,-0.8268243559188538,-0.6074208455813499,-0.47877126632266404,-0.8273558048980377,-0.9999917388293689,-0.9594855602987779,-0.4504916223460938,0.9998529511398367,-0.8342291227113408,-0.9991788395049664,-0.9623934928413558,-0.9583620409073274,0.8348145614733463,0.9582364710929887,0.9904484329396359,-0.6072291863910436,-0.8280913356684951,0.9611377946979699,-0.9582364710929887,-0.999958694141385,0.8270782286017313,0.8270622776723375
-0.8251635714802834,-0.9896041583366654,-0.9904484329396359,1.0,-0.8180212510399589,-0.9991276216786013,0.4921172027056946,0.9994448501591099,-0.4516044821740725,-0.9933382019093189,-0.45244381586208493,-0.4921502473390809,-0.999121012751924,-0.4932473291675066,0.8252533697264895,0.4429111709226009,0.4525363408355666,-0.45252973190888934,0.48915640355428075,0.990587220629168,0.8252467607998123,0.9992234485547913,-0.49324072024082927,0.4885029269339049,-0.45243059800873037,-0.8197838873879931,-0.9528915706444695,-0.8180892932083365,0.4884294216197818,-0.9999471285865819,-0.9999867821466455,0.9499175536397011,0.8183139967153634,-0.8280800540622397,0.4524372069354077,-0.9896107672633426,0.9992168396062749,-0.8675571093876498,0.8180959021350137,0.45252973190888934,0.8180892932083365,0.45145247686049544,0.451591264320718,-0.9999537375132591,-0.9499307714930557,0.8252798054331987,-0.989518242289861,-0.4515582196873317,0.8239957306274371,0.8185849627091312,0.48842281269310456,0.9515896120890487,-0.9533541955118779,-0.9992928448455328,0.8281064898126268,0.4892026660410216,0.4886871697601951,-0.45159787324739525,0.9536251615056457,0.8195102124439481,0.4921304205590491,-0.9905888884115776,0.9999537375132591,0.48869377868687236,-0.8195148709368284,0.8185783537824539,-0.8252051662076457,-0.8252731965065213,0.9991276216786013,0.9515830031623714,0.8252335429464578,-0.9528981795711468,0.6168606937390333,0.6168012133989379,0.4515582196873317,0.4932010666807657,0.9508560212278725,-0.9528386992310514,0.44315166495385316,0.8253260679199395,0.8192372955577641,0.9999867821466455,0.9994778947924963,-0.9988632646115108,-0.4921172027056946,0.9486750754243757,0.4431582738805304,0.9488469075179845,0.9896107672633426,-0.49215685626575817,0.9488204718112755,-0.4891497946276035,0.6167681687655516,-0.9904567098780322,0.989518242289861,0.48917623033431257,-0.829132809686043,0.9528453081577286,-0.49336628984769726,0.8182148628152045,0.8176531040476371,0.6167615598388744,0.48832367879294564,0.8195129204988236,0.9904567098780322,0.9499307714930557,0.443171491733885,-0.9905954973382548,0.8247736435178201,0.9896239851166971,0.9528386992310514,0.948807253957921,-0.825240151873135,-0.9486816843510529,-1.0,0.6168012133989379,0.8196007871255865,-0.9515830031623714,0.9486816843510529,0.9904897545114185,-0.8197904963365094,-0.8197943962910703
0.991971766526644,0.827306808363418,0.8264655343334876,-0.8180212510399589,1.0,0.8189398933659097,-0.5750700960451706,-0.8174661002818304,0.6155828835133583,0.8247227137630816,0.6147435484385688,0.5750370513571866,0.8189398933659097,0.5739399677161232,-0.9916380417070542,-0.6243704976538232,-0.6146510233122141,0.6146576322498108,-0.5780309000885225,-0.8263267464146454,-0.9916446506446509,-0.8176208076490038,0.57394657665372,-0.5786861410349613,0.6147567663137623,0.998240364551565,0.8640194567134641,0.999958694141385,-0.5787578832241671,0.8179683795391848,0.8179948152895719,-0.8669934786320097,-0.9997802528262724,0.989941180358205,-0.6147501573761656,0.8273001994258211,-0.8176274166084397,0.9504577515415927,-0.9999520852037883,-0.6146576322498108,-0.999958694141385,-0.615734889078084,-0.6155961013885519,0.8180675136031362,0.8669802607568162,-0.9918429187725539,0.8273927245521759,0.6156291460765357,-0.9939990747472077,-0.9994299791336436,-0.5787644921617638,-0.8653214174200274,0.8635568310816903,0.817591670096169,-0.9899147445641399,-0.5779846375253452,-0.5785001346578931,0.6155894924509551,-0.8632858646402229,-0.9985774261836605,-0.575056878169977,0.8263220766614995,-0.8180675136031362,-0.5784935257202963,0.9985889894917719,-0.9994365880712404,0.9919007335932853,0.9916182148942638,-0.8189398933659097,-0.8653280263576242,-0.9916578685198445,0.8640128477758674,-0.45014134865346506,-0.4504057061573358,-0.6156291460765357,-0.5739862302793006,-0.8660550094932686,0.8640723282142383,-0.6240357146996246,-0.99158517020628,-0.998681514771,-0.8180410778527492,-0.8174793181570239,0.818047686790346,0.5750700960451706,-0.8682359589002021,-0.6240423236372213,-0.8680641265226862,-0.8273001994258211,0.5750304424195899,-0.8680905622730732,0.5780375090261194,-0.45020743802943275,0.8264542554134349,-0.8273927245521759,-0.5780110732757323,0.988882114729202,-0.8640657192766416,0.5738210068393814,-0.9998331243270465,-0.9997009455751111,-0.45021404696702955,-0.5788636262257154,-0.998590639401666,-0.8264542554134349,-0.8669802607568162,-0.6240158878868343,0.8263154677239027,-0.9922823876201298,-0.8272869815506276,-0.8640723282142383,-0.8681037801482667,0.9916512595822478,0.8682293499626054,0.8180212510399589,-0.4504057061573358,-0.998364285242218,0.8653280263576242,-0.8682293499626054,-0.826421210725451,0.9982337555921291,0.9982205435534351
0.8245952019078793,0.9886722996751712,0.9895165727384917,-0.9991276216786013,0.8189398933659097,1.0,-0.4930490613671887,-0.9985129914976159,0.4525363408355666,0.9942370159374266,0.453375674523579,0.49308210600057495,0.9999933910733227,0.4941791878290006,-0.8243413378450273,-0.4438430311237452,-0.4534681994970607,0.45346159057038343,-0.49008826221577484,-0.9896553604280238,-0.82433472891835,-0.9982915868139892,0.49417257890232336,-0.4894347871350492,0.45336245667022446,0.8207025312317625,0.9519597119829754,0.8190145429431533,-0.4893612802812759,0.9990747502651832,0.9991011859718922,-0.9489856949782071,-0.819232637523503,0.8289986963881906,-0.4533690655969017,0.9886789086018485,-0.9982849778654729,0.8684757501957895,-0.8190211518698306,-0.45346159057038343,-0.8190145429431533,-0.45238433552198953,-0.4525231229822121,0.9991738841653421,0.9489989128315616,-0.8245065610119588,0.9885863836283668,0.45249007834882576,-0.8251919483324521,-0.8195036035172708,-0.48935467135459865,-0.9506577534275547,0.9524223368503838,0.9983609861840388,-0.8290251321385776,-0.4901345247025157,-0.4896190284216892,0.45252973190888934,-0.9526933028441515,-0.8204288532520876,-0.4930622792205432,0.9896570297500834,-0.9991738841653421,-0.48962563734836645,0.8204335132627792,-0.8194969945905936,0.8245244456351786,0.824361164625059,-1.0,-0.9506511445008773,-0.8243215110649955,0.9519663209096527,-0.6175414131867913,-0.6177132452804003,-0.45249007834882576,-0.4941329253422598,-0.9499241625663785,0.9519068405695573,-0.44408352361534725,-0.8243942092584454,-0.8202352451348761,-0.9991474484586331,-0.9985460361310021,0.9979314059500167,0.4930490613671887,-0.9477432167628816,-0.4440901325420245,-0.9479150488564905,-0.9886789086018485,0.49308871492725226,-0.9478886131497815,0.4900816532890976,-0.6175414131867913,0.9895248512165382,-0.9885863836283668,-0.49010808899580666,0.8300514504941825,-0.9519134494962346,0.49429814850919135,-0.819133503623344,-0.8185849627091312,-0.6175348042601141,-0.4892555374544397,-0.8204315643425931,-0.9895248512165382,-0.9489989128315616,-0.444103350395379,0.9896636386767607,-0.8248661687970487,-0.988692126455203,-0.9519068405695573,-0.9478753952964268,0.8243281199916728,0.9477498256895589,0.9991276216786013,-0.6177132452804003,-0.8207970048306015,0.9506511445008773,-0.9477498256895589,-0.9895578958499245,0.8207091401802789,0.82071303709921
-0.5670378692780942,-0.4817213610423599,-0.4825647965032089,0.4921172027056946,-0.5750700960451706,-0.4930490613671887,1.0,0.49158848857151355,-0.959487279468378,-0.4989706596700163,-0.9603133953030358,-0.9999669553666137,-0.49305567029386593,-0.998869873538188,0.5667055491852846,0.9507815894838344,0.9604059202765175,-0.9604125292031948,0.9970392008485862,0.482703584192741,0.5667121581119619,0.4913521908691158,-0.9988764824648653,0.9963865633703319,-0.9603001774496813,-0.5744531095134133,-0.4450087733501641,-0.5751319306987949,0.9963122189140873,-0.4921304205590491,-0.4921039848523401,0.44206119205210476,0.5753698520591763,-0.582749681532615,0.9603200042297131,-0.48172796996903716,0.49134558192059946,-0.6245600933180446,0.5751385396254721,0.9603993113498402,0.5751319306987949,0.9593352741548009,0.9594740616150235,-0.49217668304578993,-0.44204797419875025,0.5669104259122797,-0.4816354449955555,-0.9594410169816371,0.5690427449569181,0.5756408180529441,0.99630560998741,0.44297983286024434,-0.4454713982175725,-0.491423265404582,0.5827232457822279,0.997085463335327,0.9965699670545005,-0.9594806705417007,0.4457423642113403,0.5741736363305917,0.9999867821466455,-0.4827060911172721,0.49217668304578993,0.9965765759811778,-0.5741778894696068,0.5756342091262668,-0.5669675385515329,-0.5666857224052527,0.4930490613671887,0.4429732239335671,0.5667253759653164,-0.44501538227684134,0.875071459019698,0.8753358160867885,0.9594410169816371,0.9989161360249289,0.4425039901394814,-0.44495590193674595,0.9510212443948041,0.5666526777718665,0.573662392337059,0.49214363841240366,0.4916215332048999,-0.49098046731720535,-1.0,0.4433036702674302,0.9510146354681268,0.4431318381738214,0.48172796996903716,-0.9999603464399365,0.4431582738805304,-0.997032591921909,0.8751375482864705,-0.48257391258372684,0.4816354449955555,0.997059027628618,-0.5838094514260411,0.4449625108634232,-0.9987509128579973,0.5752707181590174,0.5747089593914501,0.8751441572131478,0.9962064760872511,0.5741821426242438,0.48257391258372684,0.44204797419875025,0.9510410711748358,-0.48271270004394934,0.5673088361672637,0.4817411878223917,0.44495590193674595,0.443171491733885,-0.5667187670386391,-0.443297061340753,-0.4921172027056946,0.8753358160867885,0.5734442973963656,-0.4429732239335671,0.443297061340753,0.48260695721711316,-0.5744597184619296,-0.5744710380310686
-0.8254741920605507,-0.9901328724708464,-0.9909771479473773,0.9994448501591099,-0.8174661002818304,-0.9985129914976159,0.49158848857151355,1.0,-0.45107576803989147,-0.9927235717283335,-0.4519018838745493,-0.4916215332048999,-0.9985063825709386,-0.49270539717997097,0.8258151284940569,0.4422899307885047,0.45199440884803105,-0.4520010177747083,0.4886276894200997,0.9911159356369095,0.8258085195673797,0.9998380807668097,-0.4926987882532937,0.48797421192616347,-0.4518886660211948,-0.819215517815589,-0.9534202847786505,-0.8174944898073828,0.4879007074856008,-0.9994448501591099,-0.9994580680124644,0.9504462677738822,0.8176795397543462,-0.8275116854289177,0.45190849280122664,-0.9901394813975236,0.9998314718182933,-0.8669887416934052,0.8175010987340601,0.4519877999213538,0.8174944898073828,0.45092376272631446,0.45106255018653696,-0.9993853698190145,-0.9504594856272367,0.8255970339137072,-0.990046956424042,-0.45102950555315063,0.8234405798693086,0.8180298128682412,0.4878940985589235,0.9521183262232297,-0.9538829096460589,-0.9998612125397774,0.8275381211793048,0.48867395190684054,0.48815845562601407,-0.4510691591132142,0.9541538756398267,0.8188625376295763,0.49160170642486806,-0.9911176025457585,0.9993853698190145,0.4881650645526913,-0.8188671950523452,0.8180232039415639,-0.8255422220250809,-0.8258217374207342,0.9985129914976159,0.9521117172965524,0.8257820838606706,-0.9534268937053277,0.6165038116984611,0.6162394546313706,0.45102950555315063,0.49267235254658465,0.9513847353620535,-0.9533674133652325,0.4426097329663176,0.8258547820541206,0.8187746699259905,0.9994184144524009,0.9999867821466455,-0.9993919787456919,-0.49158848857151355,0.9492170074119113,0.44260312403964036,0.9493756216521656,0.9901394813975236,-0.49162814213157713,0.9493491859454565,-0.48862108049342245,0.616450940285043,-0.9909854240122133,0.990046956424042,0.4886475162001315,-0.8285644419917984,0.9533740222919097,-0.4928243578601617,0.8176266683409281,0.8177324111677643,0.6164443313583657,0.4877949646587646,0.8188652435442236,0.9909854240122133,0.9504594856272367,0.4426295597463494,-0.9911242114724358,0.8251635714802834,0.9901526992508781,0.9533674133652325,0.9493491859454565,-0.8257886927873479,-0.9492236163385885,-0.9994448501591099,0.6162526724847252,0.8190786810554418,-0.9521117172965524,0.9492236163385885,0.9910184686455996,-0.8192221267641053,-0.8192260285968257
0.6075507236831796,0.44288730788676267,0.44205200903502107,-0.4516044821740725,0.6155828835133583,0.4525363408355666,-0.959487279468378,-0.45107576803989147,1.0,0.4584579391383942,0.9991606663119876,0.9594542348349916,0.45254294976224385,0.958357153006566,-0.6072182697169066,-0.9912679412016352,-0.999068141338506,0.9990747502651832,-0.9624480786197918,-0.4421907967245532,-0.6072248786435839,-0.4508393364640304,0.9583637619332432,-0.9631039536330084,0.9991738841653421,0.6149659639184987,0.4795998955789585,0.6156446512304169,-0.9631750605542907,0.45161770002742707,0.451591264320718,-0.48257391258372684,-0.6158825725907984,0.6232624690008027,-0.9991672752386649,0.44288069896008536,-0.4508327275155141,0.5840605906397771,-0.6156512601570941,-0.9990747502651832,-0.6156446512304169,-0.9998479946864229,-0.9999867821466455,0.4516639625141679,0.48256069473037233,-0.6074231464439018,0.4429732239335671,0.9999537375132591,-0.609555532425106,-0.6161535385845661,-0.963181669480968,-0.4809018541343793,0.4791372707115501,0.4509105448729599,-0.6232360332504157,-0.9624018161330509,-0.9629173124138775,0.9999933910733227,-0.4788663047177823,-0.6146863568622138,-0.9594740616150235,0.44219337058565006,-0.4516639625141679,-0.9629107034872002,0.6146906769377947,-0.6161469296578889,0.6074803260197208,0.6071984429368749,-0.4525363408355666,-0.48090846306105656,-0.6072380964969384,0.47959328665228124,-0.8345587384880758,-0.8348230955551663,-0.9999537375132591,-0.9584034154933068,-0.4816354449955555,0.4796527669923766,-0.9915339649264261,-0.6071653983034885,-0.6141751798052467,-0.4516309178807816,-0.4511088126732778,0.45046774678558327,0.959487279468378,-0.48381639079905225,-0.9915273559997488,-0.48364455870544343,-0.44288069896008536,0.9594476259083143,-0.4836709944121525,0.962454687546469,-0.8346248277548485,0.44206119205210476,-0.4429732239335671,-0.96242825183976,0.6224848903413841,-0.4796461580656993,0.9582381923263752,-0.6157570029839304,-0.6152216799230721,-0.8346314366815257,-0.9632808033811269,-0.6146949970293293,-0.44206119205210476,-0.48256069473037233,-0.991553791706458,0.4421999795123273,-0.607821690572349,-0.44286748110673085,-0.4796527669923766,-0.483684212265507,0.6072314875702611,0.483809781872375,0.4516044821740725,-0.8348230955551663,-0.6139570848645535,0.48090846306105656,-0.483809781872375,-0.4420942366854911,0.614972572867015,0.6149837585626906
0.8187264556253807,0.9827507013723437,0.9835949646517875,-0.9933382019093189,0.8247227137630816,0.9942370159374266,-0.4989706596700163,-0.9927235717283335,0.4584579391383942,1.0,0.45929727282640664,0.49900370430340263,0.9942436248641039,0.5001007861318283,-0.8184197395421996,-0.449658896208901,-0.4593897977998883,0.45938318887321106,-0.49600986051860246,-0.9837337523413197,-0.8184131306155223,-0.9924757121196213,0.500094177205151,-0.49535639522175334,0.4592840549730521,0.8263267464191569,0.9460381136801478,0.8248039627124357,-0.4952828785841035,0.9932853304959008,0.9933117662026099,-0.9430640966753794,-0.8250484929994945,0.8346229022830401,-0.4592906638997294,0.9827573102990209,-0.9924691031711049,0.874397348498617,-0.824810571639113,-0.45938318887321106,-0.8248039627124357,-0.45830593382481716,-0.4584447212850397,0.9933844643960598,0.943077314528734,-0.8185981805624858,0.9826647853255392,0.4584116766516534,-0.8214578985902783,-0.8254252018200984,-0.49527626965742627,-0.944736155124727,0.9465007385475562,0.9925715664147564,-0.8346493380334271,-0.4960561230053433,-0.4955406267245168,0.45845133021171697,-0.946771704541324,-0.825940698100925,-0.4989838775233708,0.9837354314472558,-0.9933844643960598,-0.4955472356511941,0.8259453672184837,-0.8254185928934211,0.8186557090492486,0.8184395663222315,-0.9942370159374266,-0.9447295461980497,-0.8183999127621678,0.946044722606825,-0.6234101400762009,-0.6236348435832278,-0.4584116766516534,-0.5000545236450874,-0.9440025642635508,0.9459852422667296,-0.4500051219181749,-0.8184726109556177,-0.8253505628347746,-0.9933580286893507,-0.9927566163617197,0.992009807647189,0.4989706596700163,-0.941821618460054,-0.45001173084485213,-0.9419934505536628,-0.9827573102990209,0.4990103132300799,-0.9419670148469538,0.4960032515919252,-0.6234497936362645,0.9836032529137105,-0.9826647853255392,-0.4960296872986343,0.8356822560232106,-0.9459918511934069,0.500219746812019,-0.8249229233926264,-0.8243479467717045,-0.6234564025629418,-0.49517713575726735,-0.8259500363537263,-0.9836032529137105,-0.943077314528734,-0.4500249486982067,0.9837420403739331,-0.8189974225145501,-0.9827705281523754,-0.9459852422667296,-0.9419537969935993,0.8184065216888451,0.9418282273867312,0.9933382019093189,-0.6236348435832278,-0.8252910823964037,0.9447295461980497,-0.9418282273867312,-0.9836362975470969,0.8263333553676733,0.826343842628238
0.6067246051186387,0.44206119205210476,0.44289134410981057,-0.45244381586208493,0.6147435484385688,0.453375674523579,-0.9603133953030358,-0.4519018838745493,0.9991606663119876,0.45929727282640664,1.0,0.9602803506696495,0.4533822834502563,0.9591964866945784,-0.6063789360288943,-0.9904550418772327,-0.9999074750265183,0.9999008660998411,-0.9632741944544496,-0.4430301317993427,-0.6063855449555715,-0.4516654550285713,0.9592030956212556,-0.9639300708326043,0.9999867821466455,0.6141398453539577,0.47877377974430063,0.614818535395759,-0.9640011763889486,0.45245703371543944,0.45243059800873037,-0.481747796749069,-0.615043238902786,0.6224363518012067,-0.9999933910733227,0.4420545831254275,-0.45165884608005497,0.5848999243277896,-0.6148251443224363,-0.9999140839531956,-0.614818535395759,-0.9990086609984106,-0.9991474484586331,0.45250329620218027,0.4817345788957144,-0.6065970306092439,0.44214710809890917,0.9991144038252467,-0.6087294152255099,-0.6153142048965538,-0.9640077853156258,-0.48007573829972144,0.47831115487689224,0.45173666070761775,-0.6224099160508197,-0.9632279319677088,-0.9637434282485353,0.9991540573853104,-0.47804018888312444,-0.6138602410275559,-0.9603001774496813,0.4430327042736624,-0.45250329620218027,-0.9637368193218581,0.6138645597381986,-0.6153075959698765,0.6066542088201248,0.606372327102217,-0.453375674523579,-0.4800823472263987,-0.6064119806622805,0.4787671708176234,-0.8353980721760882,-0.8356624292431788,-0.9991144038252467,-0.9592295313279647,-0.48080932916089764,0.4788266511577187,-0.9907078490917682,-0.6063392824688306,-0.6133358447304572,-0.45247025156879395,-0.45193492850793565,0.4513070804735957,0.9603133953030358,-0.4829770571110399,-0.990701240165091,-0.48281844287078557,-0.4420545831254275,0.9602737417429722,-0.48284487857749464,0.9632808033811269,-0.8354509435895063,0.4429005257401172,-0.44214710809890917,-0.9632543676744179,0.6233242240293965,-0.47882004223104147,0.9590775260143877,-0.6149441050026271,-0.6143955640884142,-0.8354575525161836,-0.9641069192157847,-0.6138688784647883,-0.4429005257401172,-0.4817345788957144,-0.9907276758718,0.4430393132003397,-0.6069955720078081,-0.44206780097878207,-0.4788266511577187,-0.48284487857749464,0.6064053717356033,0.48297044818436263,0.45244381586208493,-0.8356492113898243,-0.6131309676649574,0.4800823472263987,-0.48297044818436263,-0.4429335703735035,0.614146454302474,0.6141576427280327
0.5670048245355126,0.48175440567574623,0.4825978411911927,-0.4921502473390809,0.5750370513571866,0.49308210600057495,-0.9999669553666137,-0.4916215332048999,0.9594542348349916,0.49900370430340263,0.9602803506696495,1.0,0.49308871492725226,0.9989029181715744,-0.5666725045518982,-0.9507485447958506,-0.9603728756431312,0.9603794845698085,-0.9970061562151998,-0.4827366288807248,-0.5666791134785755,-0.49138523561169745,0.9989095270982516,-0.9963535186823481,0.9602671328162949,0.5744200647708316,0.44504181798355036,0.5750988860654086,-0.9962791742807009,0.4921634651924354,0.49213702948572635,-0.44206780097878207,-0.57533680742579,0.5827166368446312,-0.9602869595963267,0.4817610146024235,-0.4913786266631811,0.6245534843913674,-0.5751054949920859,-0.9603662667164539,-0.5750988860654086,-0.9593022295214145,-0.9594410169816371,0.49220972767917626,0.4420810188321366,-0.5668773812788934,0.4816684896289418,0.9594079723482508,-0.5690097002689343,-0.5756077734195578,-0.9962725653540236,-0.44301287749363066,0.4455044428509588,0.4914563100379683,-0.5826902010942441,-0.9970524187019407,-0.9965369224211142,0.9594476259083143,-0.44577540884472655,-0.5741405916972054,-0.9999801732199682,0.4827391357506584,-0.49220972767917626,-0.9965435313477915,0.574144844781623,-0.5756011644928806,0.5669344938635491,0.5666526777718665,-0.49308210600057495,-0.4430062685669534,-0.5666923313319301,0.44504842691022767,-0.8751045036530842,-0.8753688607201747,-0.9594079723482508,-0.9989491806583152,-0.4425370347728677,0.44498894657013227,-0.9509881997614178,-0.5666196331384802,-0.5736293476490751,-0.49217668304578993,-0.4916545778382862,0.4910135119505917,0.9999669553666137,-0.4432706256340439,-0.9509815908347404,-0.4430987935404351,-0.4817610146024235,0.9999933910733227,-0.4431252292471441,0.9969995472885226,-0.8751705929198569,0.48260695721711316,-0.4816684896289418,-0.9970259829952317,0.5837764067926549,-0.4449955554968095,0.9987839574913836,-0.575237673525631,-0.5746759147580637,-0.8751772018465341,-0.9961734314538647,-0.5741490978816622,-0.48260695721711316,-0.4420810188321366,-0.9510080265414496,0.48274574467733566,-0.567275791424682,-0.481774232455778,-0.44498894657013227,-0.44313844710049866,0.5666857224052527,0.44326401670736665,0.4921502473390809,-0.8753688607201747,-0.5734112527083818,0.4430062685669534,-0.44326401670736665,-0.4826400018504995,0.574426673719348,0.5744379933976822
0.8245885929593629,0.988665690748494,0.9895099638008948,-0.999121012751924,0.8189398933659097,0.9999933910733227,-0.49305567029386593,-0.9985063825709386,0.45254294976224385,0.9942436248641039,0.4533822834502563,0.49308871492725226,1.0,0.4941857967556779,-0.82433472891835,-0.4438496400613419,-0.45347480842373794,0.4534681994970607,-0.4900948711424521,-0.989648751490427,-0.8243281199916728,-0.9982849778654729,0.4941791878290006,-0.489441396072646,0.4533690655969017,0.8207025312317625,0.9519531030562981,0.8190211518698306,-0.48936788920795316,0.999068141338506,0.999094577045215,-0.9489790860515298,-0.8192392464501803,0.8289986963881906,-0.453375674523579,0.9886722996751712,-0.9982783689169565,0.8684823591224667,-0.8190277607965079,-0.4534681994970607,-0.8190211518698306,-0.4523909444486668,-0.45252973190888934,0.9991672752386649,0.9489923039048843,-0.8244999520852816,0.9885797747016896,0.452496687275503,-0.8251919483324521,-0.8195102124439481,-0.4893612802812759,-0.9506511445008773,0.9524157279237065,0.9983543772573615,-0.8290251321385776,-0.4901411336291929,-0.48962563734836645,0.4525363408355666,-0.9526866939174743,-0.8204222443254103,-0.49306888814722044,0.9896504208234062,-0.9991672752386649,-0.4896322462750437,0.8204269043251824,-0.8195036035172708,0.8245178366975818,0.8243545556983818,-0.9999933910733227,-0.9506445355742,-0.8243149021383183,0.9519597119829754,-0.6175480221134687,-0.6177198542070775,-0.452496687275503,-0.49413953426893703,-0.9499175536397011,0.9519002316428801,-0.4440901325420245,-0.8243876003317682,-0.8202286361972794,-0.9991408395319558,-0.9985394272043249,0.9979247970233395,0.49305567029386593,-0.9477366078362044,-0.44409674146870176,-0.9479084399298132,-0.9886722996751712,0.4930953238539295,-0.9478820042231042,0.49008826221577484,-0.6175480221134687,0.989518242289861,-0.9885797747016896,-0.4901146979224839,0.8300580594208598,-0.9519068405695573,0.4943047574358686,-0.8191401125500213,-0.8185915716358085,-0.6175414131867913,-0.489262146381117,-0.8204315643425931,-0.989518242289861,-0.9489923039048843,-0.4441099593220563,0.9896570297500834,-0.8248595598485323,-0.9886855175285257,-0.9519002316428801,-0.9478687863697496,0.8243215110649955,0.9477432167628816,0.999121012751924,-0.6177198542070775,-0.8207903958930046,0.9506445355742,-0.9477432167628816,-0.9895512869232472,0.8207091401802789,0.8207196460258872
0.5659341748758676,0.4828514875041719,0.4836949248322562,-0.4932473291675066,0.5739399677161232,0.4941791878290006,-0.998869873538188,-0.49270539717997097,0.958357153006566,0.5001007861318283,0.9591964866945784,0.9989029181715744,0.4941857967556779,1.0,-0.5655754227234726,-0.949651461154787,-0.95928901166806,0.9592824027413828,-0.9959090743867742,-0.4838337125217883,-0.5655820316501499,-0.4924691031683751,0.9999933910733227,-0.9952564350412847,0.9591832688412238,0.5733494151111866,0.446138899811976,0.5740150220903374,-0.9951820924522753,0.4932605470208611,0.493234111314152,-0.44316488280720767,-0.5742397255973644,0.5816459889539547,-0.9591898777679011,0.48285809643084915,-0.49246249421985877,0.6234828382696508,-0.5740216310170146,-0.9592824027413828,-0.5740150220903374,-0.9582051476929889,-0.9583439351532115,0.4933068095076019,0.44317810066056224,-0.5658067351571768,0.4827655714573675,0.9583108905198251,-0.5679390523782578,-0.5745106915911321,-0.995175483525598,-0.4448369412565552,0.44660152467938447,0.4925401740130394,-0.5816724247043418,-0.995955336873515,-0.9954398405926885,0.9583505440798887,-0.4468724906731522,-0.5730699455754888,-0.9988830913915425,0.48383621757908407,-0.4933068095076019,-0.9954464495193658,0.5730741968909466,-0.5745040826644549,0.5658638459728728,0.565634903063568,-0.4941791878290006,-0.44483033232987795,-0.5656084673568589,0.4461455087386533,-0.8762015854815098,-0.8764659425486004,-0.9583108905198251,-0.9999537375132591,-0.444103350395379,0.44608602839855793,-0.9499043357863466,-0.5655489870167636,-0.5725322640080116,-0.4932737648742156,-0.4927384418133573,0.49211059377901734,0.998869873538188,-0.44217354380561824,-0.9498977268596693,-0.4420942366854911,-0.48285809643084915,0.9989095270982516,-0.44206780097878207,0.995902465460097,-0.8762412390415735,0.4837040390455388,-0.4827655714573675,-0.995928901166806,0.5827057606709383,-0.4460926373252352,0.9998810393198093,-0.5741405916972054,-0.5735920507829926,-0.8762478479682507,-0.9950763496254391,-0.5730784482220173,-0.4837040390455388,-0.44317810066056224,-0.9499241625663785,0.4838428265057613,-0.566205141765037,-0.48287131428420366,-0.44608602839855793,-0.4420545831254275,0.5656150762835361,0.442166934878941,0.4932473291675066,-0.8764395068418913,-0.5723406048177053,0.44483033232987795,-0.442166934878941,-0.48373708367892515,0.573356024059703,0.5733673472759656
-0.9996464212598363,-0.835669038169856,-0.8348277793485399,0.8252533697264895,-0.9916380417070542,-0.8243413378450273,0.5667055491852846,0.8258151284940569,-0.6072182697169066,-0.8184197395421996,-0.6063789360288943,-0.5666725045518982,-0.82433472891835,-0.5655754227234726,1.0,0.6159265482683903,0.6062864110554126,-0.6062930199820898,0.5696663483366984,0.8346889916590078,0.9999933910733227,0.8260557795299875,-0.5655820316501499,0.5703215743818927,-0.6063921538822488,-0.9922311810245171,-0.8723816258620519,-0.9915604006331352,0.5703933302711973,-0.825240151873135,-0.8252665875798441,0.8753556428668202,0.9913356971261083,-0.9839320204692227,0.6063855449555715,-0.8356624292431788,0.8260623884785039,-0.9420925844538218,0.991553791706458,0.6062930199820898,0.9915604006331352,0.6073702750304837,0.6072314875702611,-0.8251938893863942,-0.8753424250134657,0.9997686875662958,-0.8357549542166605,-0.6072645322036475,0.9976389570449196,0.9910647311323405,0.5703999391978746,0.8736835844174726,-0.8719190009946435,-0.8259803516609885,0.9839055847188356,0.5696200858499575,0.5701355821307841,-0.6072248786435839,0.8716480350008757,0.9925054771479838,0.5666923313319301,-0.8346843080949439,0.8251938893863942,0.5701289732041068,-0.9925038125322307,0.9910713400590178,-0.9997141634503046,-0.9999405196599046,0.8243413378450273,0.87369019334415,0.9999669553666137,-0.8723750169353746,0.44231894019251805,0.4420545831254275,0.6072645322036475,0.5656216852102134,0.8744171752786488,-0.87243449727547,0.615671086937126,0.9999471285865819,0.9930457454151658,0.8252269340197805,0.8257820838606706,-0.8264099318950106,-0.5667055491852846,0.8765981210821456,0.6156776958638033,0.8764262889885368,0.8356624292431788,-0.566665895625221,0.8764527246952458,-0.5696729572633756,0.44227928663245447,-0.8348164866284891,0.8357549542166605,0.5696465215566666,-0.9828696620525343,0.8724278883487927,-0.5654564620432818,0.9914348310262672,0.99198337194048,0.4422726777057772,0.5704990730980335,0.9925021479136866,0.8348164866284891,0.8753424250134657,0.6156512601570941,-0.8346776991682666,0.9993754543706668,0.8356492113898243,0.87243449727547,0.8764659425486004,-0.9999603464399365,-0.8765915121554684,-0.8252533697264895,0.4420810188321366,0.993237404605472,-0.87369019334415,0.8765915121554684,0.8347834419951028,-0.9922245720760009,-0.992208075447507
-0.6162590315569701,-0.451595314924754,-0.45077985592492237,0.4429111709226009,-0.6243704976538232,-0.4438430311237452,0.9507815894838344,0.4422899307885047,-0.9912679412016352,-0.449658896208901,-0.9904550418772327,-0.9507485447958506,-0.4438496400613419,-0.949651461154787,0.6159265482683903,1.0,0.9903625167508779,-0.9903691256884747,0.9537423935271865,0.4506410680060802,0.6159331572059871,0.4421492996987393,-0.9496580700923839,0.9543982552375917,-0.9904418240020392,-0.6231191314514014,-0.48830796327480025,-0.6244190330802372,0.9544693766628309,-0.4429111709226009,-0.44289795304740737,0.49128198519334587,0.6245776475825596,-0.6148205670477827,0.9904616508148295,-0.4515887059871573,0.4421426907393034,-0.575367498237025,0.6244256420178339,0.9903691256884747,0.6244190330802372,0.9914199467663608,0.9912811590768287,-0.4429706513609718,-0.49126876731815233,0.6161314253338901,-0.451681231113512,-0.9913142037648125,0.618369572401031,0.6243132900786889,0.9544759856004277,0.48960992398136355,-0.4878453376430265,-0.4421643609741661,0.6147941312537175,0.9536961309640091,0.954211628096557,-0.9912745501392319,0.487574371201559,0.623368212002351,0.9507683716086409,-0.45063701897322267,0.4429706513609718,0.9542050191589603,-0.6233791553763797,0.6243132900786889,-0.616188619390655,-0.6159067214556,0.4438430311237452,0.48961653291896035,0.6159463750811806,-0.4883013543372035,0.825852842092129,0.8261171995959997,0.9913142037648125,0.9496977237179645,0.4903435160546048,-0.4883608347755744,0.9997207723879015,0.6158736767676162,0.6230090542594673,0.442937606672988,0.4423295844140853,-0.44236262910206914,-0.9507815894838344,0.4925244654615382,0.9997273813254982,0.4923526330840223,0.4515887059871573,-0.9507419358582538,0.49237906883440935,-0.9537490024647832,0.8259189314680966,-0.45076919772515806,0.451681231113512,0.9537225667143961,-0.6137918614246343,0.4883542258379776,-0.9495325002780453,0.6245446028945758,0.6239299716980763,0.8259255404056934,0.9545751196643792,0.6233834898288362,0.45076919772515806,0.49126876731815233,0.9997009455751111,-0.45063041003562593,0.6165299988938407,0.4516019238623508,0.4883608347755744,0.4923922867096029,-0.6159397661435838,-0.4925178565239415,-0.4429111709226009,0.8261171995959997,0.6227446963188157,-0.48961653291896035,0.4925178565239415,0.4507361530371742,-0.6231125224919656,-0.6231038544984804
