1.0,0.835239457935834,0.8343915894671532,-0.8245740126671544,0.9920279690252635,0.8246467109807188,-0.5671351294193067,-0.8253921571867121,0.6076544588776059,0.8190555497738531,0.6068217341162708,0.5671020847859204,0.824640102043122,0.5660248297375264,-0.9995505929859461,-0.6163693470873738,-0.6067292091427892,0.6067226002161119,-0.5700959285707204,-0.8342528017776211,-0.9995572019126234,-0.8256677918394194,0.5660314386642037,-0.5708030837251876,0.6068415608963026,0.9926954475957114,0.8719520456280297,0.991885876866933,-0.5708823908453148,0.8245660413520542,0.8245924770587633,-0.8749260626327982,-0.9917718862868076,0.9843962725584113,-0.6068151251895936,0.8352328490091566,-0.8256744007770163,0.9425501577070599,-0.9918561366477475,-0.6067358180694664,-0.991885876866933,-0.607806464191183,-0.6076676767309606,0.8245806216047511,0.8749128447794436,-0.9998413857597457,0.8353253739826384,0.6077007213643468,-0.9988285658123378,-0.9915091674239171,-0.5709088265520238,-0.8732540041834506,0.8713506333003989,0.8256631231804799,-0.9843698367643461,-0.5700496660839797,-0.5707039498250287,0.6076610678042832,-0.8711391476467264,-0.992961493088715,-0.5671219115659522,0.8342481189342444,-0.8245806216047511,-0.5706973408983514,0.9929598292264078,-0.991515776361514,0.9998612125397774,0.9995638108393007,-0.8246467109807188,-0.8732606131101278,-0.9995902465460097,0.8719454367013525,-0.44219337058565006,-0.4424907722861269,-0.6077007213643468,-0.5660512654442356,-0.8739875950446268,0.8720049170414479,-0.6161204939511798,-0.9995175483525598,-0.9933051572759326,-0.8245660413520542,-0.8253789393333576,0.8259737427343112,0.5671351294193067,-0.8761487140680918,-0.6161469296578889,-0.8759967087545147,-0.8352328490091566,0.567095475859243,-0.8760231444612238,0.5701025374973977,-0.44220658843900457,0.8343802974677897,-0.8353253739826384,-0.5700893196440432,0.9833273026791184,-0.8719983081147706,0.5659058690573358,-0.9917520595067758,-0.9926640913882381,-0.4422131973656818,-0.5709286533320556,-0.9929581653613132,-0.8343802974677897,-0.8749128447794436,-0.6161006671711481,0.8342415100075672,-0.9997885143463275,-0.8352130222291249,-0.8720049170414479,-0.8760165355345465,0.9995902465460097,0.8761421051414146,0.8245740126671544,-0.44245772765274055,-0.9932126323024509,0.8732606131101278,-0.8761421051414146,-0.8343472528344035,0.9926888386362754,0.9926723404409483
0.835239457935834,1.0,0.9991524037545794,-0.9893744805801611,0.8272671547378373,0.9886408885069199,-0.4817213610423599,-0.9901526992508781,0.4428939168134399,0.98299685579928,0.44206119205210476,0.48175440567574623,0.9886342795693231,0.48284487857749464,-0.8356756470965333,-0.45160853279994756,-0.4421404991722319,0.44213389024555466,-0.4787605618909461,-0.9990136160650472,-0.835669038169856,-0.9904286061268456,0.4828382696508174,-0.47805340673647895,0.4420810188321366,0.827934088857717,0.9632874123078041,0.8271250625795068,-0.4779740996163518,0.9893794548296384,0.9894058905363474,-0.9603133953030358,-0.8270113442226416,0.8196351860463758,-0.4420545831254275,0.9999933910733227,-0.9904352150644424,0.8571494660816238,-0.8270953223603213,-0.44213389024555466,-0.8271250625795068,-0.443045922127017,-0.44290713466679443,0.9891233409514839,0.9603266131563903,-0.8354245078827973,0.9999140839531956,0.44294017930018076,-0.8340677515249115,-0.826748353136491,-0.4779476639096428,-0.9619854537523833,0.9638888246354351,0.990423665244646,-0.819661621840441,-0.47880682437768696,-0.4781525406366379,0.4429005257401172,-0.9641003102891075,-0.8282009510245488,-0.4817345788957144,0.9990086609984106,-0.9891233409514839,-0.4781591495633152,0.8281990149389816,-0.8267549620740878,0.8354046811027656,0.8356756470965333,-0.9886408885069199,-0.9619788448257061,-0.8356492113898243,0.9632940212344814,-0.606649902022662,-0.6063789360288943,-0.44294017930018076,-0.48280522501743106,-0.9612518628912071,0.9632345408943861,-0.4513599518870138,-0.8357219095832741,-0.8285247884317347,-0.989346410196252,-0.9901394813975236,0.9907342847984772,0.4817213610423599,-0.9590775260143877,-0.45138638759372285,-0.9592427491813192,-0.9999933910733227,0.4817610146024235,-0.9592163134746101,0.4787539529642688,-0.606623466315953,0.9991408395319558,-0.9999140839531956,-0.4787671708176234,0.8187251028940147,-0.9632411498210633,0.4829638392576854,-0.8269915174426097,-0.8278771136173629,-0.6066168573892757,-0.47792783712961096,-0.8281970788492775,-0.9991408395319558,-0.9603266131563903,-0.451340125106982,0.9990020520717333,-0.8350279722821615,-0.999973564293291,-0.9632345408943861,-0.9592097045479329,0.8356492113898243,0.9590841349410649,0.9893744805801611,-0.606398762808926,-0.8284520902382848,0.9619788448257061,-0.9590841349410649,-0.9991077948985695,0.8279274798982811,0.8279115261535221
0.8343915894671532,0.9991524037545794,1.0,-0.9902253651444055,0.8264192716938735,0.9894917718590972,-0.4825714054408056,-0.9910035836977644,0.44205200903502107,0.9838477298261846,0.44289795304740737,0.4826044501287895,0.989485162910581,0.4836949248322562,-0.8348277793485399,-0.4507996827704712,-0.4429904781737621,0.44298386923616534,-0.4796106013974536,-0.9998645165554161,-0.8348211704109432,-0.9912794924327539,0.48368831589465944,-0.4789034450745994,0.44287812623461703,0.8270862041093472,0.9624397554045332,0.8262771793007733,-0.4788241378234382,0.9902303379989426,0.9902567737493296,-0.9594657334859875,-0.826163462159177,0.8187872889894345,-0.44289134410981057,0.9991590126921761,-0.9912861013812703,0.8580001321789703,-0.8262474390324499,-0.44298386923616534,-0.8262771793007733,-0.44219740566214993,-0.4420586179726178,0.9899742251007865,0.9594789513611811,-0.8345766397198627,0.9990664875658214,0.4420916626606016,-0.833219879717137,-0.8259004692353447,-0.4787977020730511,-0.9611377946979699,0.963041168725839,0.9912745501392319,-0.8188137248271781,-0.47965686396063095,-0.47900257913855093,0.44205200903502107,-0.9632526547289356,-0.8273530709265953,-0.48258462331599916,0.9998595600774336,-0.9899742251007865,-0.4790091880761477,0.8273511334346706,-0.825907078183861,0.8345568129070724,0.8348277793485399,-0.9894917718590972,-0.9611311857603732,-0.8348013435981528,0.9624463643421299,-0.6075001528325111,-0.6072291863910436,-0.4420916626606016,-0.48365527120667556,-0.9604042026247286,0.962386883903759,-0.4505114491588841,-0.8348740419117173,-0.8276769088688369,-0.9901972933109587,-0.9909903658225709,0.99158517020628,0.4825714054408056,-0.958229862155392,-0.45053788490927116,-0.9583950855953112,-0.9991590126921761,0.48261105906638624,-0.9583686498449241,0.4796039924598568,-0.607473717082124,0.9999917388293689,-0.9990664875658214,-0.47961721033505034,0.8195757055052542,-0.9623934928413558,0.483813885708998,-0.8261832889719674,-0.8270292329843537,-0.6074671081445272,-0.47877787526026083,-0.8273491959386019,-0.9999917388293689,-0.9594789513611811,-0.4504916223460938,0.9998529511398367,-0.8341801034640567,-0.9991788395049664,-0.962386883903759,-0.9583620409073274,0.8348013435981528,0.9582364710929887,0.9902253651444055,-0.607249013203834,-0.8276042105552724,0.9611311857603732,-0.9582364710929887,-0.999958694141385,0.8270795951389917,0.8270636441742119
-0.8245740126671544,-0.9893744805801611,-0.9902253651444055,1.0,-0.818280351596061,-0.9992664067146917,0.4923493286152239,0.9991557082233777,-0.4518299322094393,-0.9936223646817791,-0.4526758762218256,-0.4923823733032077,-0.9992597977661754,-0.49347284800667446,0.8250498561741216,0.4431828696054458,0.45276840134818036,-0.45276179241058356,0.4893885245718718,0.9903641530632477,0.8250432472365249,0.9989260458661027,-0.49346623906907766,0.48868136824901764,-0.4526560494090353,-0.8199947789178962,-0.9526618322301149,-0.8184389663604521,0.4886020609978564,-0.9999553896725867,-0.9999851298917721,0.9496878103115693,0.8185400526413051,-0.828290972658213,0.45266926728422885,-0.9893810895177579,0.9989194369175864,-0.8677747670345648,0.8184720111030335,0.45276179241058356,0.8184389663604521,0.4516779266447136,0.45181671433424575,-0.9998149494415438,-0.9497010281867628,0.8247722807950574,-0.9892885643914031,-0.45178366964626193,0.825067741722292,0.818802458528848,0.48857562524746934,0.9513598715235516,-0.9532632455514208,-0.9989276998762893,0.8283174084959566,0.4894347871350492,0.48878050231296916,-0.45182332327184255,0.9534747315545173,0.8197296614087234,0.49236254649041744,-0.9903658212196763,0.9998149494415438,0.48878711125056595,-0.8197343202696451,0.8187958495803318,-0.824752453982267,-0.8250498561741216,0.9992664067146917,0.9513532625859549,0.8250234204237346,-0.9526684411677117,0.6173045117573164,0.6170071095654619,0.45178366964626193,0.49343319438109384,0.9506262794503104,-0.9526089607293408,0.4433870144295682,0.825096118737299,0.819313298340127,0.9999851298917721,0.9991755350361681,-0.9986402110908299,-0.4923493286152239,0.9484519389809737,0.44341675464875363,0.9486171624208929,0.9893810895177579,-0.4923889822408045,0.9485907266705058,-0.4893819156342751,0.6172780760069293,-0.9902336424677409,0.9892885643914031,0.4893951335094686,-0.8293503403608485,0.9526155696669375,-0.49359180888341625,0.8185598794540955,0.81754871200179,0.6172714670693326,0.48855579843467906,0.8197323701887638,0.9902336424677409,0.9497010281867628,0.44339692783596335,-0.990372430157273,0.8243426998512675,0.9894009163305482,0.9526089607293408,0.9485841177329091,-0.8250234204237346,-0.9484585479185704,-1.0,0.6170269363782521,0.8194653039048527,-0.9513532625859549,0.9484585479185704,0.9902666871557249,-0.8200013878882516,-0.820005287158813
0.9920279690252635,0.8272671547378373,0.8264192716938735,-0.818280351596061,1.0,0.8190271627784019,-0.5751097496707511,-0.8174462734690401,0.6156291460765357,0.8246645958627983,0.6147832020641494,0.5750767049827673,0.8190271627784019,0.5739862302793006,-0.9915917791438768,-0.6243969334478885,-0.6146906769377947,0.6146972858753914,-0.5780705537141032,-0.8262804837750314,-0.9915983880814736,-0.8176558059612715,0.5739928392168974,-0.5787777100369573,0.6148030288769397,0.9983014946240963,0.8639798030878836,0.9999239970920627,-0.5788570172881186,0.8181930834174749,0.818219519167862,-0.8669538250064291,-0.9998000796390627,0.9900022966147553,-0.6147898110017462,0.8272605458002406,-0.8176624149097879,0.9505121935100126,-0.9998909523494812,-0.6146972858753914,-0.9999239970920627,-0.6157811516412613,-0.6156423639517292,0.8185447095367127,0.8669406071312356,-0.9918429187725539,0.8273530709265953,0.6156754086397132,-0.9931993919767365,-0.9994845020157292,-0.5788834530385056,-0.8652817637944469,0.8633783897665777,0.8176511505345399,-0.9899758607770117,-0.5780242911509258,-0.5786785759730059,0.6156357550141325,-0.863166903763481,-0.9986038619340476,-0.5750965317955576,0.8262758140983221,-0.8185447095367127,-0.5786719670354091,0.998615425285837,-0.9994911109642456,0.9918627455853443,0.9915917791438768,-0.8190271627784019,-0.8652883727320436,-0.9916182148942638,0.8639731941502867,-0.45018100227904567,-0.4504519687205132,-0.6156754086397132,-0.5740258839048812,-0.8660153558676881,0.8640326745886577,-0.624081977262802,-0.9915455165806994,-0.9987624764363701,-0.818331871107007,-0.8174594913442336,0.8180014242271686,0.5751097496707511,-0.8681896963370247,-0.6241084130131891,-0.8680244728971056,-0.8272605458002406,0.5750700960451706,-0.8680509086474926,0.5780771626517,-0.45020743802943275,0.8264079928502575,-0.8273530709265953,-0.5780639447765065,0.9889366201837287,-0.8640260656510609,0.5738672694025587,-0.9997802528262724,-0.9993969344456598,-0.45021404696702955,-0.578903279851296,-0.9986170752394095,-0.8264079928502575,-0.8669406071312356,-0.6240621504500117,0.8262692051607253,-0.9922394550283601,-0.8272407189874502,-0.8640326745886577,-0.8680575175850894,0.9916182148942638,0.868183087399428,0.818280351596061,-0.45043214190772285,-0.9988021300619507,0.8652883727320436,-0.868183087399428,-0.8263749481622736,0.9982948856537409,0.9982816733857643
0.8246467109807188,0.9886408885069199,0.9894917718590972,-0.9992664067146917,0.8190271627784019,1.0,-0.49308292068846515,-0.998408898274943,0.45256352428268054,0.9943559579670874,0.45340946829506684,0.493115965376449,0.9999933910514837,0.4942064400799157,-0.8243162641008804,-0.4439164628907541,-0.4535019934214216,0.4534953844838248,-0.49012211664511307,-0.9896305597779393,-0.8243096551632836,-0.9981924525807944,0.4941998311423189,-0.4894149603222589,0.45338964148227656,0.8207283746273566,0.9519282401568736,0.8191758641200185,-0.48933565307109766,0.9991953618489584,0.9992251020681439,-0.948954218238328,-0.8192736447145464,0.8290245671555945,-0.4534028593574701,0.9886474974445166,-0.9981858436322781,0.8685083603198731,-0.8192056043883418,-0.4534953844838248,-0.8191758641200185,-0.4524115187179549,-0.452550306407487,0.9995704183464411,0.9489674361135216,-0.8245013143535899,0.9885549723181619,0.4525172617195032,-0.8258145529046329,-0.8195360518141563,-0.4893092173207106,-0.9506262794503104,0.9525296534781795,0.9981941078030481,-0.8290510029933379,-0.49016837920829043,-0.4895140943862104,0.4525569153450838,-0.9527411394812761,-0.8204632534819647,-0.4930961385636587,0.9896322291464351,-0.9995704183464411,-0.4895207033238072,0.8204679135549534,-0.8195294428656401,0.8244814875407996,0.8243162641008804,-1.0,-0.9506196705127136,-0.8242898283504934,0.9519348490944705,-0.6175754781987839,-0.6177407016387031,-0.4525172617195032,-0.4941667864543351,-0.9498926873770691,0.9518753686560996,-0.44412060650280943,-0.8243625266640577,-0.8201261976645295,-0.9992978003817082,-0.9984221161501365,0.9979066190175886,0.49308292068846515,-0.9477183469077325,-0.4441503467219949,-0.9478835703476517,-0.9886474974445166,0.49312257431404577,-0.9478571345972646,0.49011550770751633,-0.6175490424483968,0.9895000503944997,-0.9885549723181619,-0.49012872558270987,0.8300839336461568,-0.9518819775936963,0.4943254009566575,-0.8192934715273367,-0.8184210917645633,-0.6175424335108001,-0.4892893905079203,-0.8204659646861451,-0.9895000503944997,-0.9489674361135216,-0.4441305199092046,0.9896388380840319,-0.8248581969838154,-0.988667324257307,-0.9518753686560996,-0.9478505256596678,0.8242898283504934,0.9477249558453292,0.9992664067146917,-0.6177605284514934,-0.8202121138532875,0.9506196705127136,-0.9477249558453292,-0.9895330950824835,0.8207349835977121,0.8207388804441214
-0.5671351294193067,-0.4817213610423599,-0.4825714054408056,0.4923493286152239,-0.5751097496707511,-0.49308292068846515,1.0,0.49156866179148173,-0.9594806705417007,-0.498726953396105,-0.9603133953030358,-0.9999669553666137,-0.4930895296260619,-0.9988764824648653,0.5666989402586073,0.9507683716086409,0.9604059202765175,-0.9604125292031948,0.9970392008485862,0.48271019313033775,0.5667055491852846,0.4912952030685394,-0.9988830913915425,0.996332045694119,-0.9602935685230041,-0.5744474496922225,-0.4450087733501641,-0.5752518418290816,0.9962527385739919,-0.4923419062127215,-0.4923154705060125,0.44206119205210476,0.5753632431324991,-0.5827440354271457,0.9603200042297131,-0.48172796996903716,0.4912885941309426,-0.6245611252385677,0.5752815820482671,0.9603993113498402,0.5752518418290816,0.9593286652281237,0.9594674526883461,-0.4926004682439011,-0.44204797419875025,0.5669500794723433,-0.4816354449955555,-0.9594344080549598,0.5683091528836769,0.5756285512720974,0.9962263028672829,0.44297983286024434,-0.445610185677795,-0.491297695797714,0.5827175996330803,0.997085463335327,0.996431179594278,-0.9594740616150235,0.44582167133146744,0.5741736363305917,0.9999867821466455,-0.48271270004394934,0.4926004682439011,0.9964377885209552,-0.5741778894696068,0.5756219423345007,-0.5669699062523751,-0.5666989402586073,0.49308292068846515,0.4429732239335671,0.5667253759653164,-0.44501538227684134,0.875071459019698,0.8753424250134657,0.9594344080549598,0.9989161360249289,0.4425039901394814,-0.44495590193674595,0.9510146354681268,0.5666526777718665,0.5738497989234058,0.49237495084610783,0.4915818796448363,-0.4909870762438826,-1.0,0.443297061340753,0.9509881997614178,0.4431318381738214,0.48172796996903716,-0.9999603464399365,0.4431582738805304,-0.997032591921909,0.875097894726407,-0.4825805215104041,0.4816354449955555,0.9970458097752635,-0.5838104160168962,0.4449625108634232,-0.9987575217846746,0.5753830699125309,0.5744974737377776,0.8751045036530842,0.9962064760872511,0.5741821426242438,0.4825805215104041,0.44204797419875025,0.9510344622481586,-0.48271930897062665,0.5673466150729791,0.481747796749069,0.44495590193674595,0.44316488280720767,-0.5667253759653164,-0.4432904524140757,-0.4923493286152239,0.875322598233434,0.5739224971168557,-0.4429732239335671,0.4432904524140757,0.4826135661437904,-0.5744540586516584,-0.5744653782550663
-0.8253921571867121,-0.9901526992508781,-0.9910035836977644,0.9991557082233777,-0.8174462734690401,-0.998408898274943,0.49156866179148173,1.0,-0.45104933233318245,-0.9927648655673031,-0.45188205709451756,-0.49160170642486806,-0.9984022893373462,-0.49267896147326196,0.8258415642007659,0.4422833218509079,0.45197458206799923,-0.4519811909946765,0.48860786264006795,0.9911423713872966,0.8258349552740887,0.9997802528262724,-0.49267235254658465,0.4879007074856008,-0.4518622303144858,-0.8191375638484802,-0.9534401115586824,-0.817505753907411,0.48782140036547367,-0.9992399734321148,-0.9992135377254057,0.950466094553914,0.8176398861942826,-0.8274337452956417,0.4518886660211948,-0.9901593081775554,0.9997736438886756,-0.866917475849647,0.8175421030641932,0.451967973141322,0.817505753907411,0.4508973270196054,0.4510361144798279,-0.9988913507195071,-0.9504793124072685,0.8255772071336754,-0.9900667832040737,-0.45100306984644156,0.8242204345057272,0.8179584661327896,0.4877949646587646,0.9521381530032615,-0.9540415238863132,-0.9997819054196503,0.8274601810897071,0.4886541251268088,0.48799984138575975,-0.45104272340650514,0.9542530095399857,0.8188162751428354,0.4915818796448363,-0.9911440382524677,0.9988913507195071,0.488006450312437,-0.8188209324891678,0.8179518571951928,-0.8255573803536437,-0.8258283463474114,0.998408898274943,0.9521315440765843,0.8258019106407024,-0.9534467204853596,0.6164839849184294,0.6162130189246615,0.45100306984644156,0.4926525257665529,0.9514045621420854,-0.9533872401452642,0.44258329725960854,0.8258746088341523,0.8186708787559357,0.9991011859718922,0.9999867821466455,-0.9994184144524009,-0.49156866179148173,0.9492434431186203,0.4425568615528995,0.9493954484321974,0.9901593081775554,-0.4916083153515453,0.9493690127254883,-0.4886012537133907,0.6164707670650748,-0.9910118597189224,0.9900667832040737,0.4886144715667452,-0.8284931126620377,0.9533938490719415,-0.4927979221534527,0.8176597129743144,0.8180298128682412,0.6164641581383975,0.4877751378787328,0.8188189809046094,0.9910118597189224,0.9504793124072685,0.44260312403964036,-0.9911506471791449,0.8251806715330396,0.9901791349575872,0.9533872401452642,0.9493756216521656,-0.8258019106407024,-0.9492500520452976,-0.9991557082233777,0.6162460635580479,0.8186180073425176,-0.9521315440765843,0.9492500520452976,0.9910449043523086,-0.8191441728079163,-0.8191480749002078
0.6076544588776059,0.4428939168134399,0.44205200903502107,-0.4518299322094393,0.6156291460765357,0.45256352428268054,-0.9594806705417007,-0.45104933233318245,1.0,0.4582075569903204,0.9991540573853104,0.9594476259083143,0.45257013322027734,0.958357153006566,-0.6072182697169066,-0.9912481143888449,-0.9990615324118287,0.999068141338506,-0.9624414696931145,-0.4421907967245532,-0.6072248786435839,-0.4507758066627548,0.9583637619332432,-0.9631486248475817,0.9991738841653421,0.6149669799939732,0.47960650450563574,0.6157712382348662,-0.9632279319677088,0.4518225767544222,0.45179614104771315,-0.4825805215104041,-0.6158825725907984,0.6232634987807474,-0.9991606663119876,0.44288730788676267,-0.45076919772515806,0.5840549467079766,-0.6158009784540517,-0.999068141338506,-0.6157712382348662,-0.9998479946864229,-0.9999867821466455,0.45208107183811647,0.4825673036570496,-0.6074694089306426,0.44297983286024434,0.9999537375132591,-0.6088285492894615,-0.6161479476778821,-0.9632543676744179,-0.48090846306105656,0.47900509217800485,0.45077836633941465,-0.623237062986682,-0.9623952072063736,-0.9630494909474226,0.9999933910733227,-0.4787936065243324,-0.6146929657888911,-0.9594674526883461,0.44219337058565006,-0.45208107183811647,-0.9630428820207454,0.6146972858753914,-0.6161413387402852,0.6074892357106744,0.6072182697169066,-0.45256352428268054,-0.4809150719877338,-0.6072447054236156,0.4795998955789585,-0.8345521295613986,-0.8348230955551663,-0.9999537375132591,-0.9583968065666295,-0.48164205392223275,0.4796593759190539,-0.9915339649264261,-0.6071720072301657,-0.6143691283817052,-0.4518556213878085,-0.45106255018653696,0.45046774678558327,0.9594806705417007,-0.48381639079905225,-0.9915075292197171,-0.4836511676321207,-0.44288730788676267,0.9594410169816371,-0.48367760333882975,0.9624480786197918,-0.8345785652681076,0.44206119205210476,-0.44297983286024434,-0.9624348607664373,0.6224793098955858,-0.4796527669923766,0.9582381923263752,-0.6158627458107666,-0.615016803196077,-0.834585174194785,-0.9632741944544496,-0.6147016059778455,-0.44206119205210476,-0.4825673036570496,-0.991553791706458,0.4421999795123273,-0.6078659445312784,-0.44286748110673085,-0.4796593759190539,-0.483684212265507,0.6072447054236156,0.483809781872375,0.4518299322094393,-0.8348032687751346,-0.6144418265751551,0.4809150719877338,-0.483809781872375,-0.4420942366854911,0.6149735889534091,0.6149847746608509
0.8190555497738531,0.98299685579928,0.9838477298261846,-0.9936223646817791,0.8246645958627983,0.9943559579670874,-0.498726953396105,-0.9927648655673031,0.4582075569903204,1.0,0.4590535010027067,0.49875999808408883,0.9943625669156038,0.49985047278755557,-0.8186722313932405,-0.44956050492366667,-0.45914602612906147,0.4591394171914647,-0.4957661493527529,-0.9839865177450268,-0.8186656224556438,-0.9925484105478818,0.4998438638499588,-0.49505899302989875,0.4590336741899164,0.8263658263405977,0.9462842074492338,0.8248199061529311,-0.4949796857787376,0.9935513291413185,0.9935810693605039,-0.9433101855306882,-0.8249176774221862,0.8346620095543901,-0.45904689206510996,0.9830034647368768,-0.9925418015993656,0.8741524023527857,-0.8248496464212544,-0.4591394171914647,-0.8248199061529311,-0.45805555142559473,-0.45819433911512686,0.9938999405194634,0.9433234034058817,-0.8188704995211435,0.982910939610522,0.45816129442714304,-0.8202299914083669,-0.8251800938470689,-0.4949532500283505,-0.9449822467426705,0.9468856207705397,0.9925500750954082,-0.8346884453921336,-0.49581241191593034,-0.49515812709385026,0.45820094805272366,-0.9470971067736362,-0.826094068314411,-0.49874017127129855,0.9839881964387952,-0.9938999405194634,-0.49516473603144706,0.8260987376908334,-0.8251734848985527,0.8188903263339339,0.8186722313932405,-0.9943559579670874,-0.9449756378050738,-0.8186457956428534,0.9462908163868305,-0.6231666394056496,-0.623384734346343,-0.45816129442714304,-0.49981081916197495,-0.9442486546694292,0.9462313359484597,-0.4497646392104493,-0.8187184939564179,-0.8257570124969759,-0.9936537676740684,-0.9927780834424966,0.9922625863099488,0.498726953396105,-0.9420743142000926,-0.44979437942963474,-0.9422395376400118,-0.9830034647368768,0.4987666070216856,-0.9422131018896247,0.4957595404151562,-0.6231798572808431,0.9838560176868598,-0.982910939610522,-0.4957727582903497,0.8357279756790694,-0.9462379448860564,0.4999694336642974,-0.8249375042349766,-0.8240651244722033,-0.62318646621844,-0.49493342321556016,-0.8261034070849407,-0.9838560176868598,-0.9433234034058817,-0.44977455261684446,0.983994805376392,-0.8192670357769497,-0.983023291549667,-0.9462313359484597,-0.942206492952028,0.8186457956428534,0.9420809231376893,0.9936223646817791,-0.6234045611591332,-0.8258429286857338,0.9449756378050738,-0.9420809231376893,-0.9838890623748437,0.8263724353109532,0.8263829224770339
0.6068217341162708,0.44206119205210476,0.44289795304740737,-0.4526758762218256,0.6147832020641494,0.45340946829506684,-0.9603133953030358,-0.45188205709451756,0.9991540573853104,0.4590535010027067,1.0,0.9602803506696495,0.45341607723266364,0.9592030956212556,-0.606372327102217,-0.9904418240020392,-0.9999074750265183,0.9999008660998411,-0.9632741944544496,-0.4430367407369395,-0.6063789360288943,-0.45160853279994756,0.9592097045479329,-0.9639813496089168,0.9999801732199682,0.6141342511050447,0.47877377974430063,0.6149385120976735,-0.964060656729044,0.45266851936911184,0.4526420836624028,-0.481747796749069,-0.6150366299761088,0.6224307712676902,-0.9999933910733227,0.4420545831254275,-0.4516019238623508,0.5849008907203629,-0.6149682523168589,-0.9999140839531956,-0.6149385120976735,-0.9990020520717333,-0.9991408395319558,0.45292701585050277,0.4817345788957144,-0.6066366841693075,0.44214710809890917,0.9991077948985695,-0.6079958231522687,-0.6153020036654957,-0.964087092435753,-0.48007573829972144,0.4781723674166697,0.45161109110074976,-0.6224043354736248,-0.9632279319677088,-0.9638822157087579,0.9991474484586331,-0.4779608817629973,-0.6138602410275559,-0.9603001774496813,0.4430393132003397,-0.45292701585050277,-0.9638756067820805,0.6138645597381986,-0.615295394727899,0.6066565109493393,0.6063855449555715,-0.45340946829506684,-0.4800823472263987,-0.6064119806622805,0.4787671708176234,-0.8353980721760882,-0.835669038169856,-0.9991077948985695,-0.9592295313279647,-0.48080932916089764,0.4788266511577187,-0.990701240165091,-0.6063392824688306,-0.6135231857670155,-0.45270156400249817,-0.45189527494787207,0.45131368940027294,0.9603133953030358,-0.48297044818436263,-0.990674804458382,-0.48281844287078557,-0.4420545831254275,0.9602737417429722,-0.48284487857749464,0.9632808033811269,-0.8354112900294428,0.44290713466679443,-0.44214710809890917,-0.9632675855277724,0.6233252539079721,-0.47882004223104147,0.9590841349410649,-0.6150564567561405,-0.6141840784347418,-0.8354178989561201,-0.9641069192157847,-0.6138688784647883,-0.44290713466679443,-0.4817345788957144,-0.9907210669451227,0.443045922127017,-0.6070332197699433,-0.4420744099054593,-0.4788266511577187,-0.4828382696508174,0.6064119806622805,0.4829638392576854,0.4526758762218256,-0.8356359935364697,-0.6136091018138199,0.4800823472263987,-0.4829638392576854,-0.44294017930018076,0.6141408600644807,0.6141520485236581
0.5671020847859204,0.48175440567574623,0.4826044501287895,-0.4923823733032077,0.5750767049827673,0.493115965376449,-0.9999669553666137,-0.49160170642486806,0.9594476259083143,0.49875999808408883,0.9602803506696495,1.0,0.49312257431404577,0.9989095270982516,-0.566665895625221,-0.950735326920657,-0.9603728756431312,0.9603794845698085,-0.9970061562151998,-0.4827432378183216,-0.5666725045518982,-0.49132824775652323,0.9989161360249289,-0.9962990010607328,0.9602605238896177,0.5744144048950428,0.44504181798355036,0.5752187971410978,-0.9962196939406056,0.49237495084610783,0.4923485151393988,-0.44206780097878207,-0.5753301984991127,0.582710990684564,-0.9602869595963267,0.4817610146024235,-0.4913216388189265,0.6245545163009709,-0.5752485373602833,-0.9603662667164539,-0.5752187971410978,-0.9592956205947373,-0.9594344080549598,0.4926335129318849,0.4420810188321366,-0.566917034838957,0.4816684896289418,0.9594013634215736,-0.5682761081956931,-0.5755955065841136,-0.9961932582338965,-0.44301287749363066,0.4456432303111813,0.4913307404311003,-0.5826845548904988,-0.9970524187019407,-0.9963981349608917,0.9594410169816371,-0.4458547159648537,-0.5741405916972054,-0.9999801732199682,0.48274574467733566,-0.4926335129318849,-0.9964047438875689,0.574144844781623,-0.5755888976465168,0.5669368616189888,0.566665895625221,-0.493115965376449,-0.4430062685669534,-0.5666923313319301,0.44504842691022767,-0.8751045036530842,-0.875375469646852,-0.9594013634215736,-0.9989491806583152,-0.4425370347728677,0.44498894657013227,-0.9509815908347404,-0.5666196331384802,-0.5738167542900195,-0.49240799547949415,-0.4916149242782226,0.49102012087726893,0.9999669553666137,-0.44326401670736665,-0.9509551551280314,-0.4430987935404351,-0.4817610146024235,0.9999933910733227,-0.4431252292471441,0.9969995472885226,-0.8751309393597932,0.4826135661437904,-0.4816684896289418,-0.9970127651418771,0.5837773713289124,-0.4449955554968095,0.9987905664180609,-0.5753500252791446,-0.5744644291043913,-0.8751375482864705,-0.9961734314538647,-0.5741490978816622,-0.4826135661437904,-0.4420810188321366,-0.9510014176147723,0.4827523536040129,-0.5673135704395927,-0.4817808413824553,-0.44498894657013227,-0.4431318381738214,0.5666923313319301,0.4432574077806894,0.4923823733032077,-0.8753556428668202,-0.5738894524834695,0.4430062685669534,-0.4432574077806894,-0.48264661077717674,0.5744210138544787,0.5744323335670825
0.824640102043122,0.9886342795693231,0.989485162910581,-0.9992597977661754,0.8190271627784019,0.9999933910514837,-0.4930895296260619,-0.9984022893373462,0.45257013322027734,0.9943625669156038,0.45341607723266364,0.49312257431404577,1.0,0.49421304901751245,-0.8243096551632836,-0.4439230718392704,-0.45350860235901835,0.4535019934214216,-0.49012872558270987,-0.989623950829423,-0.8243030462256868,-0.9981858436322781,0.4942064400799157,-0.4894215692598557,0.4533962504198733,0.8207283746273566,0.9519216312192769,0.8191824730685348,-0.48934226200869446,0.9991887529113617,0.9992184931305471,-0.9489476093007313,-0.8192802536521432,0.8290245671555945,-0.45340946829506684,0.9886408885069199,-0.9981792346837618,0.8685149692683894,-0.8192122133368581,-0.4535019934214216,-0.8191824730685348,-0.45241812765555167,-0.4525569153450838,0.9995638093979248,0.9489608271759248,-0.8244947054159931,0.9885483633805652,0.4525238706570999,-0.8258145529046329,-0.8195426607626727,-0.4893158262583074,-0.9506196705127136,0.9525230445405828,0.9981874988654512,-0.8290510029933379,-0.4901749881458872,-0.4895207033238072,0.45256352428268054,-0.9527345305436794,-0.8204566445443678,-0.49310274750125543,0.9896256202088383,-0.9995638093979248,-0.48952731226140395,0.8204613046064371,-0.8195360518141563,0.8244748786032028,0.8243096551632836,-0.9999933910514837,-0.9506130615751168,-0.8242832194128965,0.9519282401568736,-0.6175820871363806,-0.6177473105762998,-0.4525238706570999,-0.49417339539193184,-0.9498860784394724,0.9518687597185027,-0.4441272154404062,-0.824355917726461,-0.8201195887269327,-0.9992911914441115,-0.9984155072125398,0.9979000100799919,0.4930895296260619,-0.9477117379701356,-0.4441569556595916,-0.9478769614100548,-0.9886408885069199,0.4931291832516425,-0.9478505256596678,0.49012211664511307,-0.6175556513859936,0.989493441456903,-0.9885483633805652,-0.4901353345203066,0.8300905425946732,-0.9518753686560996,0.4943320098942543,-0.8193000804649335,-0.8184277007021601,-0.6175490424483968,-0.48929599944551705,-0.8204659646861451,-0.989493441456903,-0.9489608271759248,-0.44413712884680134,0.9896322291464351,-0.8248515880462186,-0.9886607153197102,-0.9518687597185027,-0.947843916722071,0.8242832194128965,0.9477183469077325,0.9992597977661754,-0.6177671373890902,-0.8202055049156907,0.9506130615751168,-0.9477183469077325,-0.9895264861448868,0.8207349835977121,0.8207454893926376
0.5660248297375264,0.48284487857749464,0.4836949248322562,-0.49347284800667446,0.5739862302793006,0.4942064400799157,-0.9988764824648653,-0.49267896147326196,0.958357153006566,0.49985047278755557,0.9592030956212556,0.9989095270982516,0.49421304901751245,1.0,-0.5655754227234726,-0.9496448522171903,-0.9592956205947373,0.95928901166806,-0.9959156833134515,-0.4838337125217883,-0.5655820316501499,-0.4924055045847964,0.9999933910733227,-0.9952085281589843,0.9591832688412238,0.5733371445069846,0.44613229088529877,0.5741415403128246,-0.9951292210388571,0.49346542374785624,0.49343898804114716,-0.4431582738805304,-0.5742397255973644,0.5816337320764027,-0.9591964866945784,0.4828514875041719,-0.49239889564719963,0.6234772594726977,-0.57417128053201,-0.95928901166806,-0.5741415403128246,-0.9582051476929889,-0.9583439351532115,0.49372398763535164,0.443171491733885,-0.5658397797905631,0.4827589625306902,0.9583108905198251,-0.5671988513674199,-0.5745050318806468,-0.9951027853321481,-0.44483033232987795,0.4467337032129297,0.49240799547949415,-0.581660167870468,-0.9959619458001924,-0.9953076620591433,0.9583505440798887,-0.4469451888666021,-0.5730633366488116,-0.9988897003182198,0.48383621757908407,-0.49372398763535164,-0.9953142709858206,0.5730675879533498,-0.5744984229430501,0.5658596065705949,0.5656415119902453,-0.4942064400799157,-0.4448237234032007,-0.5656150762835361,0.446138899811976,-0.8761949765548326,-0.8764659425486004,-0.9583108905198251,-0.9999603464399365,-0.44409674146870176,0.4460794194718807,-0.9499043357863466,-0.5655423780900862,-0.5727262813882711,-0.49349846838124256,-0.49269217932661646,0.49211059377901734,0.9988764824648653,-0.44217354380561824,-0.9498779000796376,-0.44208762775881383,-0.4828514875041719,0.9989161360249289,-0.44206119205210476,0.9959090743867742,-0.8762081944081871,0.4837040390455388,-0.4827589625306902,-0.9959222922401287,0.5827001145006392,-0.44608602839855793,0.9998810393198093,-0.5742595523773961,-0.5733871740559975,-0.8762148033348645,-0.9950829585521164,-0.5730718392735009,-0.4837040390455388,-0.443171491733885,-0.9499241625663785,0.4838428265057613,-0.5662363153911989,-0.48287131428420366,-0.4460794194718807,-0.4420545831254275,0.5656150762835361,0.442166934878941,0.49347284800667446,-0.8764328979152141,-0.5728121974350756,0.4448237234032007,-0.442166934878941,-0.48373708367892515,0.5733437534664205,0.5733550767388093
-0.9995505929859461,-0.8356756470965333,-0.8348277793485399,0.8250498561741216,-0.9915917791438768,-0.8243162641008804,0.5666989402586073,0.8258415642007659,-0.6072182697169066,-0.8186722313932405,-0.606372327102217,-0.566665895625221,-0.8243096551632836,-0.5655754227234726,1.0,0.6159331572059871,0.6062798021287353,-0.6062864110554126,0.5696597394100211,0.8346889916590078,0.9999933910733227,0.8261171995959997,-0.5655820316501499,0.5703668945644883,-0.6063921538822488,-0.9922460383540674,-0.8723882347887292,-0.9914364691103528,0.5704462016846155,-0.8250551019261717,-0.8250815376328807,0.8753622517934975,0.9913356971261083,-0.9839468640593011,0.6063789360288943,-0.835669038169856,0.8261238085335965,-0.9421007499504797,0.9914067288911673,0.6062864110554126,0.9914364691103528,0.6073702750304837,0.6072314875702611,-0.8247921076078477,-0.875349033940143,0.9997356429329095,-0.8357615631433377,-0.6072645322036475,0.9983791580557575,0.9910729775425305,0.5704726373913245,0.87369019334415,-0.8717868224610982,-0.8261125301945338,0.9839204282652358,0.5696134769232802,0.5702677606643293,-0.6072248786435839,0.8715753368074258,0.992512086074661,0.5666857224052527,-0.8346843080949439,0.8247921076078477,0.570261151737652,-0.9925104214698276,0.9910795864801273,-0.9997158161528777,-0.9999339107332273,0.8243162641008804,0.8736968022708272,0.9999603464399365,-0.8723816258620519,0.4423255491191953,0.4420545831254275,0.6072645322036475,0.5656150762835361,0.8744237842053262,-0.8724411062021472,0.615671086937126,0.9999537375132591,0.9928491413352014,0.8250220572927853,0.8258283463474114,-0.8264099318950106,-0.5666989402586073,0.8765981210821456,0.615697522643835,0.8764328979152141,0.835669038169856,-0.5666592866985437,0.8764593336219232,-0.5696663483366984,0.4423123312658408,-0.8348164866284891,0.8357615631433377,0.5696531304833439,-0.9828778949225382,0.87243449727547,-0.5654564620432818,0.9913158703460765,0.9921882486674751,0.4423057223391635,0.5704924641713562,0.992508756862203,0.8348164866284891,0.875349033940143,0.6156512601570941,-0.8346776991682666,0.9993391073322737,0.8356492113898243,0.8724411062021472,0.8764659425486004,-0.9999603464399365,-0.8765915121554684,-0.8250498561741216,0.44208762775881383,0.992763225288397,-0.8736968022708272,0.8765915121554684,0.8347834419951028,-0.9922394293946315,-0.9922229326843681
-0.6163693470873738,-0.45160853279994756,-0.4507996827704712,0.4431828696054458,-0.6243969334478885,-0.4439164628907541,0.9507683716086409,0.4422833218509079,-0.9912481143888449,-0.44956050492366667,-0.9904418240020392,-0.950735326920657,-0.4439230718392704,-0.9496448522171903,0.6159331572059871,1.0,0.9903492988756845,-0.9903559078132812,0.9537291756519929,0.4506608948516291,0.6159397661435838,0.4421188288943229,-0.949651461154787,0.9544363319748471,-0.9904219971892488,-0.6231532058496975,-0.4883211811499938,-0.6244861542528584,0.9545156392260083,-0.44310943905050393,-0.443135874800891,0.4912952030685394,0.6245974743953498,-0.6148546276768482,0.9904484329396359,-0.4516019238623508,0.44211221994580663,-0.5754081025708809,0.6245158945211817,0.9903559078132812,0.6244861542528584,0.9914001199535706,0.9912613322640385,-0.4434340096490648,-0.49128198519334587,0.6161842968346642,-0.45169444898870553,-0.9912943769520223,0.617596325424625,0.6243407573855,0.9545420749763954,0.4896231418565571,-0.4877197678286879,-0.4421180984109887,0.6148281918391048,0.9536829130888156,0.9543371979108956,-0.9912547233264416,0.4875082818255913,0.6233946477527381,0.9507551537334473,-0.45065684578601295,0.4434340096490648,0.9543305889732988,-0.6234055911704448,0.6243407573855,-0.6162041236474546,-0.6159331572059871,0.4439164628907541,0.4896297507941539,0.6159595929563741,-0.48831457221239705,0.8258396242169355,0.8261105906584029,0.9912943769520223,0.949684505842771,0.49035673392979834,-0.48837405265076794,0.9997009455751111,0.6158868946428097,0.6231567259992544,0.443221790989649,0.44229653972610145,-0.4423824559148594,-0.9507683716086409,0.492531074399135,0.9997273813254982,0.4923658509592158,0.4516019238623508,-0.9507287179830602,0.4923922867096029,-0.9537357845895897,0.8258660599673225,-0.45078902453794834,0.45169444898870553,0.9537225667143961,-0.6138325292445972,0.48836744371317115,-0.9495258913404485,0.6246173012081402,0.6237449214453669,0.8258726689049193,0.9545619017891858,0.6234099256665796,0.45078902453794834,0.49128198519334587,0.9996811187623208,-0.4506502368484162,0.6165808330904703,0.4516217506751411,0.48837405265076794,0.49239889564719963,-0.6159595929563741,-0.4925244654615382,-0.4431828696054458,0.8260907638456126,0.6232095975000286,-0.4896297507941539,0.4925244654615382,0.4507559798499645,-0.6231465968793419,-0.623137928755535
