1.0,0.835067625842225,0.8342244398961679,-0.8242620307249001,0.9921138852140214,0.8247973537857585,-0.5673069615129155,-0.8253260679199395,0.6078239907747527,0.8192062018167939,0.6069935662098797,0.5672739168795292,0.8247907448590812,0.5661966618311353,-0.9993787608923372,-0.6165147437145027,-0.606901041236398,0.6068944323097207,-0.5702677606643293,-0.834085651977325,-0.9993853698190145,-0.8254959594619035,0.5662032707578126,-0.5709749158187964,0.6070332197699433,0.9928656400820846,0.8717802135344209,0.9920891147673162,-0.5710542229389236,0.8242950753582864,0.8242884664316091,-0.8747542305391893,-0.9919156170861184,0.9845664784785124,-0.6069869572832024,0.8350610169155478,-0.8255025683995002,0.94270060570813,-0.9919437183804164,-0.6069076501630752,-0.9920891147673162,-0.6079759963394784,-0.6078372086499463,0.8242752485782546,0.8747410126858347,-0.9996100733260415,0.8351535418890295,0.6078702533379301,-0.9988946551883054,-0.9916578685198445,-0.5710806586456326,-0.8730821720898417,0.87117880120679,0.825491291086871,-0.9845400427281253,-0.5702214981775885,-0.5708757819186375,0.6078305997123495,-0.8709673155531176,-0.9931267162556465,-0.567293743659561,0.8340809694001051,-0.8242752485782546,-0.5708691729919603,0.993125052666327,-0.9916644774574412,0.9996299001060732,0.9993919787456919,-0.8247973537857585,-0.873088781016519,-0.9994184144524009,0.8717736046077437,-0.4424246830193542,-0.4426626043797357,-0.6078702533379301,-0.5662230975378444,-0.8738157629510179,0.8718330849478391,-0.6162989349714659,-0.999345716258951,-0.9932985483492554,-0.8242534791937111,-0.8253062411399077,0.8258065795289515,0.5673069615129155,-0.875976881974483,-0.6163121528248204,-0.8758248766609059,-0.8350610169155478,0.567267307952852,-0.8758513123676149,0.5702743695910065,-0.4424379008727088,0.8342131481520405,-0.8351535418890295,-0.570261151737652,0.9834776833068426,-0.8718264760211618,0.5660777011509446,-0.9918974558936756,-0.9929482752353604,-0.44244450979938604,-0.5711004854256645,-0.9931233890742214,-0.8342131481520405,-0.8747410126858347,-0.6162923260447887,0.8340743604625084,-0.9999339107332273,-0.8350458742892333,-0.8718330849478391,-0.8758447034409377,0.9994184144524009,0.8759702730478057,0.8242620307249001,-0.4426295597463494,-0.9932787215692236,0.873088781016519,-0.8759702730478057,-0.8341801034640567,0.9928590311335682,0.9928425324085242
0.835067625842225,1.0,0.999157359069628,-0.9892076227360296,0.8271944564242729,0.9886326461151077,-0.4817213610423599,-0.9902452242243598,0.44289134410981057,0.9829886227327251,0.44206119205210476,0.48175440567574623,0.9886260371884305,0.48284487857749464,-0.8356756470965333,-0.451595314924754,-0.4421404991722319,0.44213389024555466,-0.4787605618909461,-0.9990185711507852,-0.835669038169856,-0.9904286061268456,0.4828382696508174,-0.47805340673647895,0.44210084561216834,0.8279459388056571,0.9632874123078041,0.8271699584628959,-0.4779740996163518,0.9892142316627068,0.9892340584427386,-0.9603133953030358,-0.8269961882963698,0.8196470496887638,-0.4420545831254275,0.9999933910733227,-0.9904352150644424,0.8571414409442835,-0.8270245620759961,-0.44213389024555466,-0.8271699584628959,-0.44304334967453624,-0.4429045619850041,0.9891547513226114,0.9603266131563903,-0.8354575525161836,0.9999140839531956,0.442937606672988,-0.8339752263985568,-0.8267384397300959,-0.4779476639096428,-0.9619854537523833,0.9638888246354351,0.990423665244646,-0.8196734854391509,-0.47880682437768696,-0.4781525406366379,0.44289795304740737,-0.9641003102891075,-0.8282075599512261,-0.4817345788957144,0.9990136160650472,-0.9891547513226114,-0.4781591495633152,0.8282056238765784,-0.8267450486676926,0.8354377257361518,0.8356756470965333,-0.9886326461151077,-0.9619788448257061,-0.8356492113898243,0.9632940212344814,-0.6066168573892757,-0.6063789360288943,-0.442937606672988,-0.48280522501743106,-0.9612518628912071,0.9632345408943861,-0.45136656081369103,-0.8357219095832741,-0.8283793920448349,-0.9891861258586533,-0.990225397444328,0.9907392261938938,0.4817213610423599,-0.9590775260143877,-0.4513929965204001,-0.9592427491813192,-0.9999933910733227,0.4817610146024235,-0.9592163134746101,0.4787539529642688,-0.6065904216825666,0.9991457948169826,-0.9999140839531956,-0.4787671708176234,0.8187171412426765,-0.9632411498210633,0.4829638392576854,-0.8269782995892552,-0.8278638957640084,-0.6065838127558894,-0.47792783712961096,-0.8282036877977939,-0.9991457948169826,-0.9603266131563903,-0.4513599518870138,0.9990070071274505,-0.835014754428807,-0.9999785209541754,-0.9632345408943861,-0.9592097045479329,0.8356492113898243,0.9590841349410649,0.9892076227360296,-0.606398762808926,-0.8283595652648031,0.9619788448257061,-0.9590841349410649,-0.9991127501289988,0.8279393298571408,0.8279233761041038
0.8342244398961679,0.999157359069628,1.0,-0.9900568369626456,0.8263512430637858,0.9894818584417251,-0.48256889829091704,-0.991094441879709,0.4420567742666371,0.9838378164087818,0.4428953803474052,0.4826019430334987,0.9894752494932088,0.48369241953869263,-0.83483246315967,-0.45078390520170114,-0.44298790562663376,0.4429812966781175,-0.47960808935560245,-0.999864516107713,-0.8348258542111536,-0.9912778257858778,0.48368581059017635,-0.47890093186435545,0.4429019892959215,0.8271027265307201,0.9624446500614308,0.8263267464191569,-0.47882162448215954,0.9900634459111619,0.9900832727567108,-0.9594706232290835,-0.8261562787604276,0.8188038113880243,-0.4428887713988889,0.9991639680181443,-0.9912844347453137,0.8579902187608803,-0.8261813495517978,-0.4429812966781175,-0.8263267464191569,-0.4422021713742262,-0.44206338322607297,0.990003965374515,0.9594838411261162,-0.8346143678586312,0.9990714427389158,0.44209642802325233,-0.8331320354449866,-0.8258985293424288,-0.47879518868809423,-0.9611426872037143,0.9630460643764165,0.9912728834896497,-0.8188302472257677,-0.4796543519952168,-0.4790000660921004,0.4420567742666371,-0.963257550728939,-0.8273643513362203,-0.48258211618794966,0.9998595596133527,-0.990003965374515,-0.4790066750406167,0.8273624138574736,-0.8259051383018646,0.8345945410130822,0.83483246315967,-0.9894818584417251,-0.961136078255198,-0.8348060273656047,0.9624512590099471,-0.6074648073524673,-0.6072268852058795,-0.44209642802325233,-0.4836527658475947,-0.960409093918402,0.9623917784733002,-0.45052210693524675,-0.8348787257992842,-0.8275361839976448,-0.9900353414119345,-0.99107461503416,0.9915851423996457,0.48256889829091704,-0.9582347498565303,-0.45054854272931205,-0.9583999735694385,-0.9991639680181443,0.482608551982015,-0.9583735377753733,0.47960148040708617,-0.6074383715584021,0.99999173880207,-0.9990714427389158,-0.4796146983041188,0.8195657920869542,-0.9623983874218165,0.48381138061198653,-0.8261681316547651,-0.8270206860133713,-0.6074317626098857,-0.47877536184254527,-0.8273604763745832,-0.99999173880207,-0.9594838411261162,-0.4505154979867304,0.9998529506539168,-0.8341715683080373,-0.9991788367914582,-0.9623917784733002,-0.9583669288268569,0.8348060273656047,0.9582413588050467,0.9900568369626456,-0.6072467120514285,-0.8275163571520958,0.961136078255198,-0.9582413588050467,-0.9999586940048907,0.8270961175603647,0.8270801665500183
-0.8242620307249001,-0.9892076227360296,-0.9900568369626456,1.0,-0.8185235302973133,-0.9994316323057554,0.4925137383063304,0.9988897003182198,-0.45199846011815686,-0.9937876089233728,-0.45284035146272067,-0.49254678293971665,-0.9994250233790781,-0.49363725584146506,0.8248832698325629,0.44335396974158436,0.4529328764362024,-0.45292626750952514,0.48955293915491654,0.9901956248814884,0.8248766609058856,0.9987690853739668,-0.4936306469147878,0.4888457840004494,-0.45280069790265715,-0.8201407706078747,-0.9524950350438337,-0.8185519180757449,0.48876647688032226,-0.9999339107332273,-0.9999867821466455,0.9495210180390654,0.8187151894876196,-0.8284369366924652,0.4528337425360434,-0.9892142316627068,0.9987624764363701,-0.8679404271349311,0.8186973144626447,0.45292626750952514,0.8185519180757449,0.4518464545534312,0.4519852422429633,-0.9999537375132591,-0.9495342358924199,0.8246651752522132,-0.9891217066892252,-0.4519521975549795,0.8253307360219843,0.8189729380538935,0.4887400411736132,0.9511930764884129,-0.9530964473714646,-0.9987707396380291,0.8284633724428523,0.4895992016416574,0.48894491790060834,-0.4519918511805601,0.953307933025137,0.8198803123378747,0.4925269561596849,-0.9901972933109587,0.9999537375132591,0.4889515268272856,-0.8198849714422475,0.8189663291162967,-0.8246453484721814,-0.8248832698325629,0.9994316323057554,0.9511864675617356,0.8248568341258538,-0.952501643970511,0.6174092346532462,0.6171713132928647,0.4519521975549795,0.4935976022814015,0.9504594856272367,-0.9524421636304156,0.4435349827011344,0.8249295323193037,0.8196952623909114,0.9999851298917721,0.9989095270982516,-0.9984716831821123,-0.4925137383063304,0.9482851487504171,0.4435680273345207,0.9484503719173487,0.9892142316627068,-0.49255339186639396,0.9484239362106397,-0.4895463302282393,0.6173827989465371,-0.9900651145590234,0.9891217066892252,0.4895595480815938,-0.8295161274333241,0.9524487725570928,-0.4937562165216558,0.818730359096031,0.8176927576077008,0.6173761900198598,0.48872021439358143,0.819883021615738,0.9900651145590234,0.9495342358924199,0.4435415916278117,-0.9902039022485555,0.8242950753582864,0.9892323884218306,0.9524421636304156,0.9484173272839624,-0.8248568341258538,-0.9482917576770945,-1.0,0.6171911400728964,0.8197283070242977,-0.9511864675617356,0.9482917576770945,0.9900981592470073,-0.820147379556391,-0.8201512783316426
0.9921138852140214,0.8271944564242729,0.8263512430637858,-0.8185235302973133,1.0,0.8190918989306353,-0.5751824479843156,-0.8174661002818304,0.6156995572004494,0.8247293227006784,0.6148559003777139,0.5751494032963318,0.8190918989306353,0.574058928592865,-0.9915190808303124,-0.6244035423964047,-0.6147633752513592,0.6147699841889559,-0.5781432520276677,-0.8262124549156326,-0.9915256897679091,-0.8176359791157227,0.5740655375304617,-0.5788504083505218,0.6148955540032944,0.998385761659154,0.8639071047743191,0.9999653030789819,-0.578929715601683,0.8184574409213455,0.8184970945469262,-0.8668811266928647,-0.9998050360187695,0.9900865772255634,-0.6148625093153106,0.8271878474866761,-0.817642588064239,0.9505767124183346,-0.9998199064518529,-0.6147699841889559,-0.9999653030789819,-0.6158515630163242,-0.615712775097482,0.8185697928604906,0.8668679088176712,-0.9917371757710057,0.8272803726130309,0.6157458198400635,-0.9931795651311877,-0.9995472870266341,-0.5789561513520701,-0.8652090654808824,0.8633056914530132,0.8176313237217495,-0.9900601414314982,-0.5780969894644903,-0.5787512742865702,0.6157061661489657,-0.8630942054499167,-0.9986302976844347,-0.575169230109122,0.8262077853413522,-0.8185697928604906,-0.5787446653489735,0.9986418610799022,-0.9995538959751503,0.991757002583796,0.9915190808303124,-0.8190918989306353,-0.8652156744184791,-0.9915455165806994,0.8639004958367223,-0.450286745280594,-0.4505246670340776,-0.6157458198400635,-0.5740985822184457,-0.8659426575541236,0.8639599762750932,-0.6241612845139632,-0.991472818267135,-0.9988153479371442,-0.8185480140109709,-0.8174462734690401,0.8179333817989558,0.5751824479843156,-0.8681169980234603,-0.6241877202643503,-0.8679517745835411,-0.8271878474866761,0.5751427943587349,-0.8679782103339282,0.5781498609652644,-0.45031318103098106,0.826339964311678,-0.8272803726130309,-0.5781366430900708,0.9890010756059437,-0.8639533673374965,0.5739399677161232,-0.9997868617638691,-0.9993374540072889,-0.4503197899685778,-0.5789759781648605,-0.9986435110771529,-0.826339964311678,-0.8668679088176712,-0.6241546755763664,0.8262011763928359,-0.9921799745899892,-0.8271726918247306,-0.8639599762750932,-0.8679848192715249,0.9915455165806994,0.8681103890858636,0.8185235302973133,-0.45050484022128734,-0.9987823032491604,0.8652156744184791,-0.8681103890858636,-0.8263069195690965,0.9983791526997182,0.998365940180564
0.8247973537857585,0.9886326461151077,0.9894818584417251,-0.9994316323057554,0.8190918989306353,1.0,-0.49308871492725226,-0.9983213326239752,0.4525734376890757,0.9943559766176174,0.4534153280836426,0.49312175956063853,0.9999933910733227,0.49421223246238694,-0.824308293211641,-0.4439223383749064,-0.45350785305712427,0.453501244130447,-0.4901279157758384,-0.989620646360568,-0.8243016842849638,-0.9981941078030481,0.4942056235357097,-0.4894207606213713,0.453375674523579,0.8207091401802789,0.9519200584229118,0.8191202857699895,-0.48934145350124414,0.9993655430389827,0.9994051965990464,-0.9489460414181435,-0.8192835581209416,0.8290053053257873,-0.4534087191569653,0.988639255041785,-0.9981874988654512,0.8685087948291758,-0.8192656821568893,-0.453501244130447,-0.8191202857699895,-0.45242143212435004,-0.45256021981388217,0.9994778947924963,0.948959259271498,-0.824460298525218,0.9885467300683033,0.4525271751258983,-0.8258991046553064,-0.8195413066872155,-0.48931501779453507,-0.950618099867491,0.9525214707505427,0.9981957630171072,-0.8290317410761744,-0.49017417826257925,-0.4895198945215302,0.4525668287514789,-0.9527329564042152,-0.8204486800321193,-0.49310193278060677,0.9896223157400399,-0.9994778947924963,-0.4895265034482075,0.8204533400755695,-0.8195346977496187,0.8244404717451862,0.824308293211641,-1.0,-0.9506114909408138,-0.8242818575049319,0.9519266673495891,-0.6176141113802412,-0.6177462899137866,-0.4525271751258983,-0.49417257890232336,-0.9498845090063148,0.9518671870094937,-0.4441099593220563,-0.8243545556983818,-0.820263630085156,-0.999449805946434,-0.998341159404007,0.9978967056111935,0.49308871492725226,-0.9477101721294953,-0.44413639502876534,-0.9478753952964268,-0.988639255041785,0.49312836848731584,-0.9478489595897178,0.49012130684916116,-0.6175876756735322,0.9894901369881046,-0.9885467300683033,-0.4901345247025157,0.8300844951275688,-0.9518737959361709,0.4943311931425777,-0.8192987267902756,-0.818426348468877,-0.617581066746855,-0.4892951910145033,-0.8204513911881421,-0.9894901369881046,-0.948959259271498,-0.4441165682487336,0.9896289246776367,-0.824863443052531,-0.9886574108509119,-0.9518671870094937,-0.9478423506630406,0.8242818575049319,0.9477167810561725,0.9994316323057554,-0.6177661166938183,-0.8202966747185423,0.9506114909408138,-0.9477167810561725,-0.9895231816760884,0.8207157491287952,0.8207196460258872
-0.5673069615129155,-0.4817213610423599,-0.48256889829091704,0.4925137383063304,-0.5751824479843156,-0.49308871492725226,1.0,0.49147613681800006,-0.9594855602987779,-0.4987327383096348,-0.9603133953030358,-0.9999669553666137,-0.4930953238539295,-0.9988764824648653,0.5666989402586073,0.9507815894838344,0.9604059202765175,-0.9604125292031948,0.9970392008485862,0.4827076862097599,0.5667055491852846,0.4912952030685394,-0.9988830913915425,0.996332045694119,-0.9602737417429722,-0.5744332826678643,-0.4450087733501641,-0.5752046288922448,0.9962527385739919,-0.4925071293796531,-0.4924873025996213,0.44206119205210476,0.5753807161122186,-0.5827298547198246,0.9603200042297131,-0.48172796996903716,0.4912885941309426,-0.624566702244722,0.5753500252791446,0.9603993113498402,0.5752046288922448,0.9593335547340522,0.9594723424235844,-0.49256660971974847,-0.44204797419875025,0.566917034838957,-0.4816354449955555,-0.9594392977356004,0.5684016780100316,0.5756384646784926,0.9962263028672829,0.44297983286024434,-0.445610185677795,-0.491297695797714,0.5827034189694376,0.997085463335327,0.996431179594278,-0.9594789513611811,0.44582167133146744,0.5741670274039145,0.9999867821466455,-0.48271019313033775,0.49256660971974847,0.9964377885209552,-0.57417128053201,0.5756318557408958,-0.5669368616189888,-0.5666989402586073,0.49308871492725226,0.4429732239335671,0.5667253759653164,-0.44501538227684134,0.8751045036530842,0.8753424250134657,0.9594392977356004,0.9989161360249289,0.4425039901394814,-0.44495590193674595,0.9510080265414496,0.5666526777718665,0.5739951953103056,0.49253768333673176,0.4914959635980319,-0.4909845830014913,-1.0,0.443297061340753,0.9509815908347404,0.4431318381738214,0.48172796996903716,-0.9999603464399365,0.4431582738805304,-0.997032591921909,0.8751309393597932,-0.4825780143784024,0.4816354449955555,0.9970458097752635,-0.5838160603527184,0.4449625108634232,-0.9987575217846746,0.5753962877658854,0.5745106915911321,0.8751375482864705,0.9962064760872511,0.5741755336757275,0.4825780143784024,0.44204797419875025,0.9510146354681268,-0.48271680206793455,0.5673598329263336,0.48174528824120966,0.44495590193674595,0.44316488280720767,-0.5667253759653164,-0.4432904524140757,-0.4925137383063304,0.875322598233434,0.5740150220903374,-0.4429732239335671,0.4432904524140757,0.48261105906638624,-0.5744398916163806,-0.5744512112510368
-0.8253260679199395,-0.9902452242243598,-0.991094441879709,0.9988897003182198,-0.8174661002818304,-0.9983213326239752,0.49147613681800006,1.0,-0.4509608569154643,-0.9926773092415926,-0.4517895321210359,-0.4915091814513864,-0.9983147236972979,-0.49258643649978023,0.8259340891742477,0.44225688610052083,0.45188205709451756,-0.4518886660211948,0.4885153376665863,0.9912332297985518,0.8259274802475703,0.9998199064518529,-0.492579827573103,0.4878081825121191,-0.4517498785609723,-0.8190304672571318,-0.953532636532164,-0.8174416183939647,0.48772887539199195,-0.9989557895849924,-0.9989161360249289,0.9505586195273956,0.817618105846556,-0.8273266351762082,0.45179614104771315,-0.9902518331510372,0.9998132975142562,-0.866830127453151,0.8175870147808645,0.4518754481678403,0.8174416183939647,0.4508088513507386,0.45094763904027074,-0.998843437831479,-0.9505718373807501,0.8257027767405435,-0.9901593081775554,-0.4509145943522869,0.8242204345057272,0.81787585441283,0.48770243968528293,0.9522306779767432,-0.9541340488597949,-0.9998215589797139,0.8273530709265953,0.4885616001533271,0.4879073164122781,-0.45095424797786754,0.9543455345134674,0.8187700126560946,0.4914893546713546,-0.9912348965136514,0.998843437831479,0.48791392533895533,-0.8187746699259905,0.8178692454752332,-0.8256829499605116,-0.8259208713208931,0.9983213326239752,0.952224069050066,0.8258944356141841,-0.9535392454588413,0.6163584153115613,0.6161204939511798,0.4509145943522869,0.4925600007930712,0.951497087115567,-0.9534797651187459,0.4424841633594496,0.825967133807634,0.8186378341225493,0.9988682194379184,0.9999801732199682,-0.9995092863848049,-0.49147613681800006,0.949335968092102,0.44245772765274055,0.949487973405679,0.9902518331510372,-0.49151579037806364,0.94946153769897,-0.48850872873990897,0.6163451974582068,-0.991102717761716,0.9901593081775554,0.48852194659326353,-0.828405827751544,0.9534863740454231,-0.49270539717997097,0.8176332772676054,0.8181091199883683,0.6163385885315296,0.4876826129052511,0.818772718264995,0.991102717761716,0.9505718373807501,0.4424907722861269,-0.9912415054512481,0.8252599786531668,0.9902699916245232,0.9534797651187459,0.9494681466256473,-0.8258944356141841,-0.9493425770187792,-0.9988897003182198,0.6161535385845661,0.8186180073425176,-0.952224069050066,0.9493425770187792,0.9911357624496998,-0.8190370762056481,-0.8190409786498624
0.6078239907747527,0.44289134410981057,0.4420567742666371,-0.45199846011815686,0.6156995572004494,0.4525734376890757,-0.9594855602987779,-0.4509608569154643,1.0,0.45821747039671556,0.9991590126921761,0.959452515610794,0.45258004662667245,0.9583620409073274,-0.60721596851585,-0.9912662745357214,-0.9990664875658214,0.9990730965034181,-0.9624463643421299,-0.44219556241479036,-0.6072225774534469,-0.45077985592492237,0.9583686498449241,-0.963153520664984,0.9991524037545794,0.6149504575886683,0.4796039924598568,0.6157216712028905,-0.9632328279161453,0.4519918511805601,0.4519720243677698,-0.4825780143784024,-0.61589452118168,0.6232469764060538,-0.999165621629773,0.44288473517221383,-0.45077324697640603,0.5840648601143718,-0.6158670678300193,-0.9990730965034181,-0.6157216712028905,-0.9998479941841253,-0.9999867821029674,0.452051331618931,0.4825647965032089,-0.6074340634565434,0.44297726029856854,0.999953737360386,-0.6089187760227348,-0.6161522701738154,-0.9632592636665324,-0.4809059531664201,0.47900257913855093,0.4507824156003516,-0.6232205406119886,-0.9624001017789525,-0.9630543866010326,0.9999933910514837,-0.4787910931354543,-0.6146840680001979,-0.9594723424235844,0.4421981362765184,-0.452051331618931,-0.9630477776634359,0.6146883880774568,-0.616145661225299,0.6074538902693337,0.60721596851585,-0.4525734376890757,-0.4809125621040169,-0.6072424042662371,0.47959738352226006,-0.8345898575950562,-0.8348277793485399,-0.999953737360386,-0.9584016945329079,-0.48163954523966135,0.47965686396063095,-0.9915256897679091,-0.6071697059526727,-0.614512235622682,-0.4520223382459851,-0.4509806837282546,0.45047253981891483,0.9594855602987779,-0.483813885708998,-0.991499254017522,-0.4836486622690788,-0.44288473517221383,0.9594459066731973,-0.4836750980194659,0.9624529732797267,-0.8346162933454433,0.4420659573061926,-0.44297726029856854,-0.9624397554045332,0.6224892233019809,-0.47965025502303416,0.9582430800305854,-0.6158802857052129,-0.6150277327552298,-0.8346229022830401,-0.9632790904793227,-0.6146927081706695,-0.4420659573061926,-0.4825647965032089,-0.9915322987055059,0.4422047452250347,-0.6078768622755268,-0.4428722490251801,-0.47965686396063095,-0.48368170695706264,0.6072424042662371,0.48380727677140123,0.45199846011815686,-0.8348079525357496,-0.6145320624354722,0.4809125621040169,-0.48380727677140123,-0.44209900204877406,0.6149570665481041,0.6149682523168589
0.8192062018167939,0.9829886227327251,0.9838378164087818,-0.9937876089233728,0.8247293227006784,0.9943559766176174,-0.4987327383096348,-0.9926773092415926,0.45821747039671556,1.0,0.45905935146602517,0.49876578294302115,0.9943625855442947,0.4998562558447695,-0.8186642698292583,-0.44956637108254627,-0.45915187643950683,0.4591452675128296,-0.495771939158221,-0.9839766043276246,-0.8186576609025811,-0.9925500750954082,0.49984964691809225,-0.49506478400375387,0.4590196979059616,0.826346573264706,0.9462760350405293,0.8247643091523721,-0.4949854768836267,0.9937215196566002,0.9937611732166638,-0.9433020180357609,-0.8249275908285815,0.8346427290958304,-0.4590527425393479,0.9829952316594024,-0.9925434661578114,0.8741528182115583,-0.8249097055392719,-0.4591452675128296,-0.8247643091523721,-0.4580654648319899,-0.458204252521522,0.9938338714101136,0.9433152358891155,-0.8188294929961899,0.9829027066859207,0.4581712078335382,-0.8203145523860373,-0.8251853393948554,-0.49495904117691764,-0.9449740764851084,0.9468774473681602,0.9925517396347247,-0.8346691648462174,-0.4958182016449619,-0.49516391790391284,0.4582108614591188,-0.9470889330218326,-0.8260794855611474,-0.49874595616298933,0.9839782830324001,-0.9938338714101136,-0.4951705268305901,0.8260841549080158,-0.8251787304572586,0.8188493197762218,0.8186642698292583,-0.9943559766176174,-0.9449674675584312,-0.8186378341225493,0.9462826439672065,-0.6232052633492058,-0.6233903132961691,-0.4581712078335382,-0.499816602284706,-0.9442404856239323,0.9462231636271111,-0.4497539827044389,-0.8187105323159992,-0.8258944356141841,-0.993805773238794,-0.9926971360216245,0.9922526729035536,0.4987327383096348,-0.9420661487471127,-0.44978041841114796,-0.9422313719140443,-0.9829952316594024,0.4987723918696984,-0.9422049362073353,0.49576533023154373,-0.6232184812025603,0.9838461042804647,-0.9829027066859207,-0.4957785480848983,0.8357285185099514,-0.9462297725537884,0.49997521652496024,-0.8249427501726582,-0.8240703718512595,-0.6232250901292375,-0.4949392143968859,-0.8260888242725691,-0.9838461042804647,-0.9433152358891155,-0.44976059163111615,0.9839848919699968,-0.8192722910835666,-0.9830133781432719,-0.9462231636271111,-0.942198327280658,0.8186378341225493,0.94207275767379,0.9937876089233728,-0.6234101400762009,-0.8259274802475703,0.9449674675584312,-0.94207275767379,-0.9838791489684485,0.8263531822132223,0.8263636694082698
0.6069935662098797,0.44206119205210476,0.4428953803474052,-0.45284035146272067,0.6148559003777139,0.4534153280836426,-0.9603133953030358,-0.4517895321210359,0.9991590126921761,0.45905935146602517,1.0,0.9602803506696495,0.45342193701031985,0.9592030956212556,-0.606372327102217,-0.9904550418772327,-0.9999074750265183,0.9999008660998411,-0.9632741944544496,-0.4430341682662481,-0.6063789360288943,-0.45160853279994756,0.9592097045479329,-0.9639813496089168,0.9999603464399365,0.6141200185084088,0.47877377974430063,0.6148912335892089,-0.964060656729044,0.4528337425360434,0.45281391575601165,-0.481747796749069,-0.6150541685056169,0.6224165249884165,-0.9999933910733227,0.4420545831254275,-0.4516019238623508,0.5849065332544668,-0.6150366299761088,-0.9999140839531956,-0.6148912335892089,-0.9990070071274505,-0.9991457948169826,0.4528932228761388,0.4817345788957144,-0.6066036395359212,0.44214710809890917,0.9991127501289988,-0.6080883482786235,-0.6153119170718908,-0.964087092435753,-0.48007573829972144,0.4781723674166697,0.45161109110074976,-0.6223900892380294,-0.9632279319677088,-0.9638822157087579,0.9991524037545794,-0.4779608817629973,-0.6138536321008786,-0.9603001774496813,0.4430367407369395,-0.4528932228761388,-0.9638756067820805,0.6138579508006019,-0.6153053081342941,0.606623466315953,0.6063855449555715,-0.4534153280836426,-0.4800823472263987,-0.6064119806622805,0.4787671708176234,-0.8354311168094746,-0.835669038169856,-0.9991127501289988,-0.9592295313279647,-0.48080932916089764,0.4788266511577187,-0.9906946312384137,-0.6063392824688306,-0.6136685821539153,-0.4528642309433335,-0.45180935890106766,0.451311130608093,0.9603133953030358,-0.48297044818436263,-0.9906681955317047,-0.48281844287078557,-0.4420545831254275,0.9602737417429722,-0.48284487857749464,0.9632808033811269,-0.8354443346628291,0.4429045619850041,-0.44214710809890917,-0.9632675855277724,0.6233308329560737,-0.47882004223104147,0.9590841349410649,-0.615069674609495,-0.6141972962880964,-0.8354509435895063,-0.9641069192157847,-0.613862269516272,-0.4429045619850041,-0.4817345788957144,-0.990701240165091,0.44304334967453624,-0.6070464376232978,-0.44207183584781135,-0.4788266511577187,-0.4828382696508174,0.6064119806622805,0.4829638392576854,0.45284035146272067,-0.8356359935364697,-0.6137016267873016,0.4800823472263987,-0.4829638392576854,-0.442937606672988,0.6141266274569251,0.614137815948001
0.5672739168795292,0.48175440567574623,0.4826019430334987,-0.49254678293971665,0.5751494032963318,0.49312175956063853,-0.9999669553666137,-0.4915091814513864,0.959452515610794,0.49876578294302115,0.9602803506696495,1.0,0.49312836848731584,0.9989095270982516,-0.566665895625221,-0.9507485447958506,-0.9603728756431312,0.9603794845698085,-0.9970061562151998,-0.48274073095234155,-0.5666725045518982,-0.49132824775652323,0.9989161360249289,-0.9962990010607328,0.9602406971095859,0.5744002379252826,0.44504181798355036,0.5751715842588584,-0.9962196939406056,0.4925401740130394,0.49252034723300764,-0.44206780097878207,-0.5753476714242348,0.5826968100318408,-0.9602869595963267,0.4817610146024235,-0.4913216388189265,0.6245600933180446,-0.5753169806457582,-0.9603662667164539,-0.5751715842588584,-0.9593005100460683,-0.9594392977356004,0.4925996543531348,0.4420810188321366,-0.5668839902055707,0.4816684896289418,0.9594062530476166,-0.5683686333220478,-0.5756054199905087,-0.9961932582338965,-0.44301287749363066,0.4456432303111813,0.4913307404311003,-0.5826703742814537,-0.9970524187019407,-0.9963981349608917,0.9594459066731973,-0.4458547159648537,-0.5741339827705282,-0.9999801732199682,0.4827432378183216,-0.4925996543531348,-0.9964047438875689,0.5741382358440262,-0.575598811052912,0.5669038169856024,0.566665895625221,-0.49312175956063853,-0.4430062685669534,-0.5666923313319301,0.44504842691022767,-0.8751375482864705,-0.875375469646852,-0.9594062530476166,-0.9989491806583152,-0.4425370347728677,0.44498894657013227,-0.9509749819080632,-0.5666196331384802,-0.5739621506769194,-0.49257072802471563,-0.49152900823141815,0.49101762768947516,0.9999669553666137,-0.44326401670736665,-0.9509485462013542,-0.4430987935404351,-0.4817610146024235,0.9999933910733227,-0.4431252292471441,0.9969995472885226,-0.8751639839931796,0.48261105906638624,-0.4816684896289418,-0.9970127651418771,0.5837830157193321,-0.4449955554968095,0.9987905664180609,-0.5753632431324991,-0.5744776469577458,-0.8751705929198569,-0.9961734314538647,-0.5741424889331459,-0.48261105906638624,-0.4420810188321366,-0.9509815908347404,0.48274984675591837,-0.5673267882929472,-0.4817783329291935,-0.44498894657013227,-0.4431318381738214,0.5666923313319301,0.4432574077806894,0.49254678293971665,-0.8753556428668202,-0.5739819774569511,0.4430062685669534,-0.4432574077806894,-0.48264410375437006,0.574406846873799,0.5744181666176504
0.8247907448590812,0.9886260371884305,0.9894752494932088,-0.9994250233790781,0.8190918989306353,0.9999933910733227,-0.4930953238539295,-0.9983147236972979,0.45258004662667245,0.9943625855442947,0.45342193701031985,0.49312836848731584,1.0,0.4942188413890642,-0.8243016842849638,-0.44392894731250315,-0.4535144619838015,0.45350785305712427,-0.4901345247025157,-0.9896140374120517,-0.8242950753582864,-0.9981874988654512,0.49421223246238694,-0.48942736954804855,0.4533822834502563,0.8207091401802789,0.9519134494962346,0.8191268946966668,-0.4893480624279214,0.9993589341123055,0.9993985876723691,-0.9489394324914662,-0.8192901670585383,0.8290053053257873,-0.4534153280836426,0.9886326461151077,-0.9981808899278545,0.868515403755853,-0.8192722910835666,-0.45350785305712427,-0.8191268946966668,-0.4524280410619468,-0.4525668287514789,0.999471285865819,0.9489526503448208,-0.8244536895985407,0.988540121141626,0.4525337840634951,-0.8258991046553064,-0.8195479156248123,-0.4893216267212123,-0.9506114909408138,0.9525148618238655,0.99818915409043,-0.8290317410761744,-0.4901807871892565,-0.4895265034482075,0.4525734376890757,-0.9527263474775379,-0.8204420711054421,-0.493108541707284,0.9896157068024432,-0.999471285865819,-0.4895331123748848,0.8204467311379727,-0.8195413066872155,0.824433862818509,0.8243016842849638,-0.9999933910733227,-0.9506048820141365,-0.8242752485782546,0.9519200584229118,-0.6176207203069185,-0.6177528988404638,-0.4525337840634951,-0.4941791878290006,-0.9498779000796376,0.9518605780828164,-0.4441165682487336,-0.8243479467717045,-0.8202570211584788,-0.9994431970088372,-0.9983345504773298,0.9978900966735967,0.4930953238539295,-0.947703563202818,-0.4441430039554426,-0.9478687863697496,-0.9886326461151077,0.4931349774139931,-0.9478423506630406,0.4901279157758384,-0.6175942846002095,0.9894835280505078,-0.988540121141626,-0.4901411336291929,0.830091104054246,-0.9518671870094937,0.49433780206925493,-0.8193053357169529,-0.8184329573955542,-0.6175876756735322,-0.48930179994118056,-0.8204513911881421,-0.9894835280505078,-0.9489526503448208,-0.44412317717541083,0.9896223157400399,-0.8248568341258538,-0.988650801913315,-0.9518605780828164,-0.9478357417363633,0.8242752485782546,0.9477101721294953,0.9994250233790781,-0.6177727256204956,-0.820290065791865,0.9506048820141365,-0.9477101721294953,-0.9895165727384917,0.8207157491287952,0.8207262549525645
0.5661966618311353,0.48284487857749464,0.48369241953869263,-0.49363725584146506,0.574058928592865,0.49421223246238694,-0.9988764824648653,-0.49258643649978023,0.9583620409073274,0.4998562558447695,0.9592030956212556,0.9989095270982516,0.4942188413890642,1.0,-0.5655754227234726,-0.9496580700923839,-0.9592956205947373,0.95928901166806,-0.9959156833134515,-0.4838312074575355,-0.5655820316501499,-0.4924055045847964,0.9999933910733227,-0.9952085281589843,0.9591634420611921,0.5733229793171213,0.44613229088529877,0.5740943292104645,-0.9951292210388571,0.4936306469147878,0.493610820134756,-0.4431582738805304,-0.574257196720768,0.5816195532035676,-0.9591964866945784,0.4828514875041719,-0.49239889564719963,0.6234828382696508,-0.5742397255973644,-0.95928901166806,-0.5740943292104645,-0.9582100353426016,-0.9583488230321338,0.49369012725488315,0.443171491733885,-0.5658067351571768,0.4827589625306902,0.9583157783441499,-0.5672913764937746,-0.5745149452870421,-0.9951027853321481,-0.44483033232987795,0.4467337032129297,0.49240799547949415,-0.5816459889539547,-0.9959619458001924,-0.9953076620591433,0.9583554319697305,-0.4469451888666021,-0.5730567277221343,-0.9988897003182198,0.4838337125217883,-0.49369012725488315,-0.9953142709858206,0.573060979015753,-0.5745083363494452,0.5658265619372086,0.5656415119902453,-0.49421223246238694,-0.4448237234032007,-0.5656150762835361,0.446138899811976,-0.876228021188219,-0.8764659425486004,-0.9583157783441499,-0.9999603464399365,-0.44409674146870176,0.4460794194718807,-0.9498977268596693,-0.5655423780900862,-0.5728716777751709,-0.4936612027281823,-0.49260626327981205,0.49210810239294184,0.9988764824648653,-0.44217354380561824,-0.9498712911529603,-0.44208762775881383,-0.4828514875041719,0.9989161360249289,-0.44206119205210476,0.9959090743867742,-0.8762412390415735,0.483701533769853,-0.4827589625306902,-0.9959222922401287,0.5827057606709383,-0.44608602839855793,0.9998810393198093,-0.5742727702307506,-0.573400391909352,-0.8762478479682507,-0.9950829585521164,-0.5730652303249846,-0.483701533769853,-0.443171491733885,-0.9499043357863466,0.4838403214593851,-0.5662495332445534,-0.4828688076326602,-0.4460794194718807,-0.4420545831254275,0.5656150762835361,0.442166934878941,0.49363725584146506,-0.8764328979152141,-0.5729047224085573,0.4448237234032007,-0.442166934878941,-0.4837345784578368,0.5733295882656376,0.5733409115692566
-0.9993787608923372,-0.8356756470965333,-0.83483246315967,0.8248832698325629,-0.9915190808303124,-0.824308293211641,0.5666989402586073,0.8259340891742477,-0.60721596851585,-0.8186642698292583,-0.606372327102217,-0.566665895625221,-0.8243016842849638,-0.5655754227234726,1.0,0.6159199393307935,0.6062798021287353,-0.6062864110554126,0.5696597394100211,0.8346936752408272,0.9999933910733227,0.8261171995959997,-0.5655820316501499,0.5703668945644883,-0.6064119806622805,-0.9922576168185825,-0.8723882347887292,-0.9914810935130081,0.5704462016846155,-0.8248898787592401,-0.8249097055392719,0.8753622517934975,0.9913208127024093,-0.9839584562196098,0.6063789360288943,-0.835669038169856,0.8261238085335965,-0.9420925844538218,0.9913356971261083,0.6062864110554126,0.9914810935130081,0.6073679740805757,0.6072291863910436,-0.8248303984191447,-0.875349033940143,0.9997686875662958,-0.8357615631433377,-0.6072622310790274,0.9982866329294028,0.9910630641361353,0.5704726373913245,0.87369019334415,-0.8717868224610982,-0.8261125301945338,0.9839320204692227,0.5696134769232802,0.5702677606643293,-0.6072225774534469,0.8715753368074258,0.9925186950013383,0.5666857224052527,-0.8346889916590078,0.8248303984191447,0.570261151737652,-0.9925170304074243,0.9910696730737322,-0.999748860786264,-0.9999339107332273,0.824308293211641,0.8736968022708272,0.9999603464399365,-0.8723816258620519,0.442292504485809,0.4420545831254275,0.6072622310790274,0.5656150762835361,0.8744237842053262,-0.8724411062021472,0.6156776958638033,0.9999537375132591,0.9927037449483017,0.8248615014526137,0.8259142623942158,-0.8264146017878542,-0.5666989402586073,0.8765981210821456,0.6157041315705123,0.8764328979152141,0.835669038169856,-0.5666592866985437,0.8764593336219232,-0.5696663483366984,0.44227928663245447,-0.8348211704109432,0.8357615631433377,0.5696531304833439,-0.9828696620525343,0.87243449727547,-0.5654564620432818,0.9913026524927219,0.9921750308141206,0.4422726777057772,0.5704924641713562,0.9925153658107192,0.8348211704109432,0.875349033940143,0.615671086937126,-0.834682382721411,0.9993258894789192,0.8356538965481359,0.8724411062021472,0.8764659425486004,-0.9999603464399365,-0.8765915121554684,-0.8248832698325629,0.44208762775881383,0.9926707003149153,-0.8736968022708272,0.8765915121554684,0.8347881257229592,-0.9922510078700661,-0.992234511154216
-0.6165147437145027,-0.451595314924754,-0.45078390520170114,0.44335396974158436,-0.6244035423964047,-0.4439223383749064,0.9507815894838344,0.44225688610052083,-0.9912662745357214,-0.44956637108254627,-0.9904550418772327,-0.9507485447958506,-0.44392894731250315,-0.9496580700923839,0.6159199393307935,1.0,0.9903625167508779,-0.9903691256884747,0.9537423935271865,0.4506451170535479,0.6159265482683903,0.4421320467913555,-0.9496646790299806,0.9544495498500406,-0.9904153882516521,-0.623138958329709,-0.48830796327480025,-0.6244256420178339,0.9545288571012018,-0.44328788036561667,-0.4433275339911973,0.49128198519334587,0.6246018108518935,-0.6148403938933316,0.9904616508148295,-0.4515887059871573,0.4421254378428392,-0.5754137608002025,0.6245710386449629,0.9903691256884747,0.6244256420178339,0.9914182803515961,0.9912794924327539,-0.4434002323047617,-0.49126876731815233,0.6161380342714868,-0.451681231113512,-0.9913125371753354,0.6176227612186901,0.6243506708082744,0.9545552928515889,0.48960992398136355,-0.4877065499534944,-0.44213131628618224,0.6148139580992664,0.9536961309640091,0.9543504157860891,-0.9912728834842377,0.48749506395039777,0.6233748209399478,0.9507683716086409,-0.4506410680060802,0.4434002323047617,0.9543438068484924,-0.6233857643248959,0.6243506708082744,-0.6161578610842772,-0.6159199393307935,0.4439223383749064,0.48961653291896035,0.6159463750811806,-0.4883013543372035,0.8258858867801128,0.8261238085335965,0.9913125371753354,0.9496977237179645,0.4903435160546048,-0.4883608347755744,0.9996811187623208,0.6158736767676162,0.6232162064376254,0.4433778335866764,0.44227671291331117,-0.44236666446368383,-0.9507815894838344,0.4925178565239415,0.9997075545127079,0.4923526330840223,0.4515887059871573,-0.9507419358582538,0.49237906883440935,-0.9537490024647832,0.8259123225304998,-0.45077324697640603,0.451681231113512,0.9537357845895897,-0.6138381239878116,0.4883542258379776,-0.949539109215642,0.6246173012081402,0.6237449214453669,0.8259189314680966,0.9545751196643792,0.623390098788272,0.45077324697640603,0.49126876731815233,0.9996745098247241,-0.45063445905756394,0.6165808330904703,0.4516059744894587,0.4883608347755744,0.4923856777720061,-0.6159463750811806,-0.4925112475863447,-0.44335396974158436,0.8261039817208061,0.6232360332504157,-0.48961653291896035,0.4925112475863447,0.4507402022338246,-0.6231323493702732,-0.6231236813112706
