1.0,0.4903765607425886,0.9998612125397774,-0.4517036160742315,0.49312587878284414,-0.9802987895750791,-0.7795856863866024,0.8882213861928285,-0.7955396353855152,-0.8879783226537147,-0.8055587682282459,0.7794733346330889,-0.9619391912656425,-0.8185453091490676,0.9620383251658015,0.8195234302973026,-0.4682259327673889,-0.49312587878284414,0.9997092072262004,-0.8193826921848931,0.4521992855750262,-0.7800681380340426,0.46215232915098425,-0.47858212087066,-0.9609461355076636,-0.9935496875629913,-0.8764857693286322,-0.9935430786363141,0.7958568638660238,0.8879192124802971,-0.8644707406293681,-0.48928197316114874,0.8885272337346053,-0.7788322687453944,-0.4533228031101609,-0.47102150875187115,0.48971566698291186,-0.8504399892935388,0.832952769305501,0.8193826921848931,0.9981296737503346,0.9789505685329174,0.8194837767372389,-0.8882724208626912,-0.939599267070103,-0.8559914877024397,0.9786977418925824,-0.8884082730544146,-0.7959956513262464,-0.8185651359290994,0.9988368289048017,0.7784819956314994,-0.8590976832407533,-0.49264591683987563,-0.45136656081369103,0.8872649287392481,0.9993589341123055,-0.8194534399621767,-0.7928610256090631,0.7845886438812905,0.9893067566361885,-0.7949712676912706,-0.4513599518870138,0.9935496875629913,-0.7978725865025891,-0.48919605711434433,0.9998479946864229,0.9999405196599046,-0.4904054906962835,-0.48924892852776247,0.8878200785801382,0.9896239851166971,0.9704580977526345,-0.7794601167797344,-0.489854454672444,0.8195036035172708,-0.49324483965958593,0.803926363338962,0.9891283156159024,-0.819358207130371,-0.45777061076395886,-0.4621589380776615,0.9981561094570436,-0.8193648160570483,-0.987687569600259,0.8877804250200746,-0.8214334101070315,0.794832480231048,-0.4682325416940662,-0.4931324877204409,-0.492616990587893,-0.9999405196599046,0.7955396353855152,-0.797568575875435,0.7781713760776681,-0.46821932384071163,-0.8882213861928285,-0.4921899008991445,0.7959890423995691,-0.46220926870516343,0.9994448501591099,0.8088169690801366,0.9891811870293205,0.9859626397374934,-0.7998552645057679,-0.48940754276801673,-0.8826452889918412,-0.8879126035536199,-0.9212612475670888,0.7957445121125104,-0.4932093054022037,-0.49037076201444124,-0.8192921178635983,-0.784375149734813,-0.8754547767669791,0.9637764728819216,-0.4891894481876671,0.9788051721460176,0.7970993420813492,-0.8096827384748579,-0.7794468989263799,-0.8884016641277374
0.4903765607425886,1.0,0.4899932423619761,-0.9616665097057113,0.997435727975679,-0.4686067202988349,-0.6304397752308928,0.5139614037406649,-0.6049292761073684,-0.5141076500364727,-0.5975735285621656,0.6305455182324411,-0.4522165550588502,-0.6704899370673069,0.45241482318675325,0.670998825262258,-0.9804292835429357,-0.997435727975679,0.48980819210926657,-0.6711783755204547,0.9587585771631334,-0.6293360826522325,0.974580373769796,-0.9890605560443146,-0.4513250941775164,-0.48060194203696877,-0.5220201539559138,-0.480595333099372,0.6046120471027234,0.5141489092781631,-0.533751018190177,-0.9989078730634989,0.513554104894454,-0.6318210431886173,-0.9567031975705386,-0.9827159759514174,0.9996563346771529,-0.5474744771098657,0.5728230572622695,0.6711783755204547,0.4944542752397945,0.46741050259381983,0.6710318699502419,-0.5139126857331145,-0.46752362699094574,-0.5419857544357499,0.46726257352455225,-0.5137854177103409,-0.6043542985364495,-0.6705097638800972,0.49318535922121504,0.6324621101355038,-0.5389291207972448,-0.9984254206189349,-0.9611840572611472,0.5145520544715659,0.48894903022168673,-0.6711100903949587,-0.6080265679730354,0.6222777372988844,0.47685467441960133,-0.6054051196143356,-0.961190666198744,0.48060194203696877,-0.6029333769531444,-0.9988417836875313,0.4899866334243793,0.49058804674568524,-0.9999719120165786,-0.9988946551883054,0.5142480433421146,0.4771454676738591,0.4605438164307779,-0.6305587361076347,-0.9997686868019298,0.671058305700629,-0.9973167669023858,0.5987102658288097,0.47670266885487567,-0.6711574397645804,-0.9707207542132834,-0.9745869827073927,0.4944542752397945,-0.6711508308269837,-0.47534122770994147,0.5142876969676953,-0.5850165471283064,0.6055174715534807,-0.9804358924805324,-0.9974291190271628,-0.9984766373669949,-0.49058143780808844,0.6049292761073684,-0.603144862956241,0.6331163949575839,-0.9804226746053388,-0.5139614037406649,-0.9989937892522569,0.6043609074740462,-0.974638160068733,0.48913408047439627,0.6613828210589606,0.4767555403556498,0.47390047931384605,-0.6016710698721617,-0.9991524037545794,-0.5177838249563855,-0.5141555182157599,-0.5833577037915176,0.6047376169170621,-0.9973547639871586,-0.9999983477615059,-0.6710781325134192,-0.6439065494679796,-0.5230775839713967,0.4536639123925424,-0.9988351747499346,0.4673378042802554,0.6034620919608858,-0.5945862887684265,-0.6305719539828282,-0.5137920266479377
0.9998612125397774,0.4899932423619761,1.0,-0.45147230364052726,0.4927425604022316,-0.9808803751226782,-0.779902914867111,0.8887170565125861,-0.7961476566398235,-0.8884739937924392,-0.8062460966026812,0.7797905631135975,-0.9623225090129237,-0.8180959021350137,0.9624216429130827,0.8191401125500213,-0.4677236543399169,-0.4927425604022316,0.9999273018065501,-0.8189993738042806,0.4524834694221485,-0.7804646736346783,0.46174257569699395,-0.4780666245898335,-0.9613294538882762,-0.9939792677970134,-0.8770144834628132,-0.9939726588703361,0.7964781029736866,0.8884148819810919,-0.8649928458368719,-0.4888986554138675,0.8890229032354,-0.779096625812485,-0.453653249444024,-0.470439923204272,0.4893323486022993,-0.8510414016211697,0.8334418298796183,0.8189993738042806,0.9978190541965032,0.979492500520453,0.8191004589899578,-0.8887680920014158,-0.9400090212011025,-0.8565400286166525,0.9792330658379207,-0.8889039425552093,-0.796616890433909,-0.8181157289150456,0.9985592539843566,0.7787661794786218,-0.8596660509349979,-0.49226259909259434,-0.4514194322271092,0.8877870339467518,0.9995638108393007,-0.8190701209482297,-0.7933699138040142,0.7850512687486989,0.9897165100901788,-0.7955660710922242,-0.4514128233004319,0.9939792677970134,-0.7985334791703154,-0.4888127393670631,0.9999933910733227,0.9997620786396185,-0.49002217294900224,-0.4888656107804812,0.8883157480809329,0.9900337385706874,0.9709075047666884,-0.7797707363335658,-0.4894711362918314,0.8191202857699895,-0.4928615212789734,0.8046136917133972,0.9895314601432155,-0.8189748893830897,-0.4573410305299368,-0.4617491846236712,0.9978587077565668,-0.818981498309767,-0.9880841052008948,0.8882760945208693,-0.8219489063878581,0.7954140657786473,-0.46773026326659417,-0.4927491693398284,-0.4922336722072804,-0.9997620786396185,0.7961476566398235,-0.7982426863965157,0.7783762528046633,-0.46771704541323966,-0.8887170565125861,-0.4918065831518632,0.7966102815072318,-0.46180942798055896,0.9996497268861051,0.8083675620660826,0.9895909404833108,0.9864649181649654,-0.8005425928802032,-0.4890242250207355,-0.8831740031260223,-0.8884082730544146,-0.9207127066528761,0.7963657512201731,-0.49282598638825675,-0.48998744300049424,-0.8189088001163171,-0.7839455687910231,-0.8759900998278375,0.9642258798959755,-0.48880613044038584,0.9793471041335532,0.7977734526024302,-0.8103171954358752,-0.7797443006268567,-0.8888973336285321
-0.4517036160742315,-0.9616665097057113,-0.45147230364052726,1.0,-0.9589304095406493,0.4699574715568318,0.6711265906860396,-0.5621958856066664,0.6547364525264274,0.5624347366364724,0.644571923296797,-0.6712389424395531,0.48866073405348603,0.6335878871591859,-0.4885616001533271,-0.6325304588908238,0.9839601349542827,0.9589304095406493,-0.4513599518870138,0.6326735961386004,-0.9984865557909067,0.6705185694317315,-0.9899412135972058,0.9736303825577207,0.4896561865445409,0.4569577127826555,0.5738894524834695,0.4569643217093328,-0.6544060061925643,-0.5624890539651908,0.585917699036088,0.9627586981736231,-0.5618876416375599,0.6719196618873112,0.9973564293290949,0.9813628267701184,-0.9623274034653881,0.5997237468648904,-0.6174753239200188,-0.6326735961386004,-0.45381186368427834,-0.4713717818657661,-0.6325701124508875,0.5621472473760122,0.5109501834813274,0.5943440805495983,-0.4716534405309449,0.5620066023177506,0.6542606098056645,0.6335680603791541,-0.4530914906764567,-0.672217063587788,0.5911717957445121,0.9594079723482508,0.9996629447394596,-0.563123510926208,-0.4515317839806226,0.6326052475085758,0.6575298104400449,-0.6658989296843246,-0.4612270794161674,0.6553114291473493,0.9996695536661369,-0.4569577127826555,0.6523109764358719,0.9628512231471048,-0.45146569471385,-0.45179614104771315,0.9616483984918429,0.9627983517336867,-0.5625881878653497,-0.46092306878901335,-0.4800625204463669,0.6712521602929077,0.962188615775856,-0.6325502856708556,0.9588114486639076,-0.6462175460394355,-0.46143195614316257,0.6326956820577554,0.9943625855442947,0.9899346046705285,-0.4537854279775693,0.6326890731310781,0.46289913786551495,-0.5626278414254133,0.6289550295584245,-0.6554832612409581,0.9839535260276054,0.9589238006030526,0.9594392977356004,0.4518027499743904,-0.6547364525264274,0.6525951602829942,-0.6726862973818737,0.9839667438809601,0.5621958856066664,0.9598639882889819,-0.6542672187323417,0.9898668464311203,-0.4514458679338182,-0.643316227228117,-0.4613658668763899,-0.4644786713413808,0.6502886448726295,0.9626331285667551,0.5677167149669058,0.562495662891868,0.5310569986881281,-0.6545051400927232,0.9588493820685488,0.9616747075592786,0.6327882070312371,0.6677604458398417,0.5749006182650906,-0.48674414531707977,0.9628578320737821,-0.4715303961060204,-0.6530842208571117,0.640527260170312,0.6712653781462622,0.5620132112444278
0.49312587878284414,0.997435727975679,0.4927425604022316,-0.9589304095406493,1.0,-0.47141551877746124,-0.6276508035650568,0.5110072037538828,-0.6019816899392099,-0.5110972690134347,-0.5944342832037007,0.627756546566605,-0.4548799569103477,-0.6731599478564011,0.4549790909742992,0.6735697019874007,-0.9778319710674058,-1.0,0.4925575101495221,-0.6737426475447756,0.9560092591228779,-0.6265471109863965,0.9719830612942661,-0.9862451486280915,-0.4538893662018373,-0.48323229920048244,-0.5190791767253521,-0.48322569026288564,0.6016776788097585,0.5111947141724078,-0.5307968230844217,-0.996343605275953,0.5105470382879246,-0.6290981608987489,-0.9538481365287348,-0.979907177472791,0.9967748331240499,-0.5445401088169007,0.5740721464680586,0.6737426475447756,0.49731594521919503,0.4704175692003493,0.6736027466753846,-0.5109485674261277,-0.4647247372942965,-0.5390513861427849,0.47027625404798096,-0.5107783511038114,-0.6013934944930974,-0.6731797746691914,0.4959611130118576,0.6297656635960225,-0.5359352720659089,-0.9995423310727887,-0.9584347392208917,0.5116242951161978,0.49171817507473253,-0.6736743666560756,-0.6051186306258675,0.6194292851946773,0.47945198689513113,-0.6024112708829997,-0.9584413481584885,0.48323229920048244,-0.5999461371594053,-0.9962775158999853,0.49273595146463484,0.49335058266113424,-0.9974803425425971,-0.9963303874007594,0.5112938482363594,0.4797427801493889,0.4633129612838237,-0.6277697644417986,-0.996913621042892,0.6736225734881749,-0.9998810389267068,0.5956371098463126,0.47929998133040547,-0.6737217075521265,-0.9680903970497698,-0.9719896702318629,0.4973093362815983,-0.6737150986145296,-0.4779517580606648,0.5112938482363594,-0.5818508660194545,0.6025897121981124,-0.9778451889425993,-0.9999933910514837,-0.9995175467583107,-0.4933439737235375,0.6019816899392099,-0.6001179695369212,0.6304199484181026,-0.9778517978801962,-0.5110072037538828,-0.999165621629773,0.6013868855555007,-0.9720276254047981,0.4919032253274421,0.6636893402802326,0.4793528528311796,0.47649779178937585,-0.5986507853904387,-0.9964691750902915,-0.5147899762250496,-0.511161669484424,-0.5863515525228535,0.6017371592481294,-0.9999190402482755,-0.9974307670206711,-0.6736424003009652,-0.6421750049567114,-0.520077126302464,0.45669080581186217,-0.9962709069623885,0.47037791557476866,0.6004880700423403,-0.5914470434099617,-0.627782982316992,-0.5107849600414082
-0.9802987895750791,-0.4686067202988349,-0.9808803751226782,0.4699574715568318,-0.47141551877746124,1.0,0.8021155174293919,-0.9190851247697351,0.8271765673895731,0.9189280285556747,0.8357483452899832,-0.8019502942624603,0.9840196152943781,0.796841593940936,-0.9841848384613097,-0.7978131061624937,0.45206710704148095,0.47141551877746124,-0.9811909946765096,0.7976723321795102,-0.4735130741091993,0.8033844313514263,-0.45593332914767976,0.4541489189448188,0.9827159759514174,0.9907937651385726,0.9103102560628641,0.9908003740652499,-0.8275466672834998,-0.9188688161099197,0.8974492847489104,0.46713545986564053,-0.9193975302441008,0.8004038054199808,0.4759451591264321,0.4513202983269502,-0.46778060309923886,0.884198386760998,-0.8590976832407533,-0.7976723321795102,-0.9756394962676087,-0.9998017321996822,-0.7977734526024302,0.919136210433939,0.9642274730244589,0.88965075126974,-0.9997240768566998,0.9192719606372327,0.8278308511306222,0.7968614207209678,-0.9772190297434745,-0.799782566312318,0.8926181593478311,0.47093559270506674,0.47072410705139434,-0.9184194090958658,-0.9818584962709132,0.797743044086042,0.8236058033092278,-0.8106674685497701,-0.995301053132466,0.8266346354020375,0.4707174981247171,-0.9907937651385726,0.8294632560199061,0.4670495438188361,-0.9808869840493555,-0.9799088629011206,0.4686158594413474,0.4671024152322542,-0.9187696822097607,-0.9950433049920527,-0.9954794941527522,0.8019370764091058,0.4679524354767548,-0.7977932793824619,0.4715344796542031,-0.8342943814209853,-0.9954332316660113,0.7976478829955621,0.46052653318837755,0.4559267202210025,-0.9756593230476405,0.7976544919222394,0.9966294473945959,-0.9187300286496971,0.8482656524167193,-0.8264429765283969,0.45206049811480364,0.47142212771505804,0.47090663058251014,0.9799022539744433,-0.8271765673895731,0.8292782060729427,-0.7991150647179145,0.45203406240809463,0.9190851247697351,0.47055888388446276,-0.8278242422039449,0.4558911243626532,-0.9816800552506271,-0.7840863654538185,-0.9953737513259159,-0.9980239309234984,0.8309568734489675,0.4673403365926357,0.9150686832704935,0.9188622071832424,0.887615201853143,-0.8274541423100181,0.47149890952606904,0.46860088560165963,0.7975817937287895,0.7870319426487138,0.9093189170612747,-0.9865508342117698,0.4670429348921588,-0.9997158161528777,-0.8288948883256615,0.8389801104351647,0.8019238585557512,0.9192653517105555
-0.7795856863866024,-0.6304397752308928,-0.779902914867111,0.6711265906860396,-0.6276508035650568,0.8021155174293919,1.0,-0.8966015190655303,0.9876743517469045,0.8968244002428186,0.9790959649198172,-0.9999801732199682,0.819886921264552,0.9547817236741667,-0.8197877873643931,-0.9537639489658682,0.6522911496558401,0.6276508035650568,-0.7800945737407516,0.9539076169671057,-0.6729506544489642,0.9997025982995231,-0.6592966119337389,0.6420142686726962,0.8208829210193594,0.7878798893665674,0.9081491370393991,0.7878864982932446,-0.9874628660932321,-0.8969337884680838,0.9202236460787586,0.6315325109625571,-0.896233242240294,0.9995704197659779,0.6736908542368176,0.6492047808975583,-0.6311006689905696,0.9334150637265755,-0.9509221104946451,-0.9539076169671057,-0.7776624887235188,-0.8033315599380083,-0.9538168203792863,0.8965435199308747,0.84233222798967,0.9286632454456234,-0.8035608955782305,0.8963588118471619,0.9873372964863641,0.9547618968941349,-0.7780656332508319,-0.999246582358792,0.9255900945406961,0.6281289137237667,0.6715759977000935,-0.8976277257691965,-0.7806232878749326,0.953843103567431,0.9898602374935236,-0.9962857832073782,-0.7918584632262797,0.9880907141275721,0.6715693887734162,-0.7878798893665674,0.9858635058373345,0.6316184270093615,-0.7799095237937883,-0.7794799435597661,0.6304222112807769,0.6315655555959434,-0.8970329223682428,-0.7914685365523212,-0.811592718284587,0.9999669553666137,0.6309618813010375,-0.9537837757459,0.6275318426883149,-0.980675498395683,-0.7920633399532749,0.9539291721327998,0.6634404089603828,0.6592900030070616,-0.7776624887235188,0.9539357810594771,0.79352391274895,-0.8970329223682428,0.9626199107134006,-0.9882757640745354,0.6522845407291629,0.6276574125026535,0.6281464738848143,0.779499770339798,-0.9876743517469045,0.9859758575908479,-0.9988632646115108,0.6522977585825174,0.8966015190655303,0.6286179742978841,-0.9873306875596869,0.6592415252776077,-0.7805043271947419,-0.9643514495028435,-0.7920104685398568,-0.7956057246522878,0.9844227598216911,0.6314069413556891,0.9021878851765079,0.8969007438346975,0.8493164717584041,-0.9875223464333275,0.6275659242648763,0.630447425817995,0.954008479252927,0.9893777850489596,0.9092131742344385,-0.8182743431552999,0.6316250359360388,-0.8034835652515853,-0.9864715270916427,0.9750116482332687,0.9999537375132591,0.8963654207738392
0.8882213861928285,0.5139614037406649,0.8887170565125861,-0.5621958856066664,0.5110072037538828,-0.9190851247697351,-0.8966015190655303,1.0,-0.9368962115930248,-0.9998992133699679,-0.9483759361986108,0.8963437704992564,-0.9363674965852834,-0.8382776447740528,0.9362683625213319,0.8371144717570216,-0.5346960962665148,-0.5110072037538828,0.8889153246404892,-0.8372645562091071,0.5673442479945487,-0.8984520215926254,0.5413314696136698,-0.5257145500725071,-0.9373636904368515,-0.905100612814974,-0.9979297502991773,-0.9051072217525707,0.9375174517271211,0.9999719120165786,-0.9928739130376498,-0.5150543337289203,0.9996877276999176,-0.8945395305353387,-0.5703975771642555,-0.5322375714805171,0.5146222985922939,-0.9873025786435744,0.9695641901338491,0.8372645562091071,0.8812687838410286,0.9200896832844438,0.8371673432577957,-0.9999752164034804,-0.9694501354834446,-0.9894901369881046,0.9202597316766903,-0.9996943366375144,-0.937775200293395,-0.8382578179612625,0.8831060684929302,0.8936274971469848,-0.9909275809154016,-0.5114855074266657,-0.562751036364795,0.9998000796390627,0.8900784976575203,-0.8371998499777635,-0.9327770801665455,0.9116038074101938,0.9098722657598405,-0.9361560105821868,-0.5627444274271982,0.905100612814974,-0.9401544178282315,-0.5151402499176784,0.8887236654501829,0.8879041571881837,-0.5139175964622762,-0.5150873784169042,0.9998595600774336,0.9094096401280668,0.9276436989575496,-0.8963305526240629,-0.5144835106734519,0.8371409075074087,-0.5108882426805895,0.9458579309742423,0.9100308802621629,-0.8372863041345376,-0.5462220834352782,-0.5413248606760731,0.8812820017162222,-0.8372929130721344,-0.9116698967861614,0.9998066885766594,-0.9636591043911369,0.9359445245790903,-0.5346828783913213,-0.5110138127023991,-0.5115160927896372,-0.8879405063449659,0.9368962115930248,-0.939969367575522,0.8922924917524376,-0.5346762694537245,-1.0,-0.5120208313720038,0.9377818092309917,-0.5412894058555284,0.8898009222784561,0.8483100120459466,0.9099780087613888,0.9133683937485307,-0.9418859594785847,-0.5149287639145818,-0.9986831691852088,-0.9999256494534012,-0.7882281603537288,0.9374183176631695,-0.5109221315883842,-0.5139688618883195,-0.8373656113856988,-0.8719549269711189,-0.9974076442290326,0.9345764744965593,-0.5151468588552751,0.9201491637228147,0.9394803061933611,-0.9525197400717844,-0.8963107258112726,-0.9996943366375144
-0.7955396353855152,-0.6049292761073684,-0.7961476566398235,0.6547364525264274,-0.6019816899392099,0.8271765673895731,0.9876743517469045,-0.9368962115930248,1.0,0.9370662877587346,0.9970259829952317,-0.9875950446267774,0.8453973782387871,0.929258048846577,-0.8452982443386282,-0.9280948777513788,0.6275869817362312,0.6019816899392099,-0.7963525333668185,0.9282385033412588,-0.6587282442394943,0.9889961370823571,-0.6355375205289785,0.616827649105647,0.8463934201428839,0.8114737576043962,0.9463355153806247,0.8114803665310735,-0.9999008660998411,-0.9371821519326153,0.9560836822295875,0.606022053988322,-0.9365278681915663,0.9858635058373345,0.6614775577372357,0.6241437309373771,-0.6055901698670452,0.9663473453593769,-0.9773445993503425,-0.9282385033412588,-0.7900343994633552,-0.8284983527250257,-0.9281477491647969,0.9368382790349212,0.8739890390781887,0.9630230552407136,-0.8287541656971101,0.9366534377984344,0.9998612125397774,0.9292382220665453,-0.7917593293261208,-0.9850109542959675,0.9603860934964857,0.6024598425092773,0.6553576916340902,-0.9377835642602463,-0.7978197150891709,0.9281739475300164,0.999476241696821,-0.9949177353851848,-0.8156572081911038,0.9998612125397774,0.6553510827074129,-0.8114737576043962,0.9993258894789192,0.6061079700351264,-0.7961542655665007,-0.7951695354915885,0.6049117543065419,0.6060550986217084,-0.9372945036861289,-0.8152804993704997,-0.8368586449717633,0.9875818267734229,0.605451382177513,-0.9281147045314105,0.601862729062468,-0.9975811328361217,-0.8158224313580353,0.9282601009183103,0.639846540722554,0.6355309116023012,-0.7900343994633552,0.9282667098449876,0.8174812719540283,-0.9372945036861289,0.9874760839465867,-0.9998347768330684,0.6275803728095538,0.6019882988768066,0.602490578134161,0.7951893622716203,-1.0,0.9994250233790781,-0.9843897151883049,0.6275935906629084,0.9368962115930248,0.6030348191301992,-0.9998678214664547,0.6354823946172268,-0.7974231794885351,-0.9390723049623126,-0.8157695599446172,-0.8200653622848382,0.9987773485647063,0.605896484381454,0.9415969149530271,0.9371424983725518,0.8149170084032503,-0.9999471285865819,0.6018967682274617,0.6049368845449722,0.9283394080384375,0.965691352702143,0.9471021508751871,-0.8436394037426351,0.6061145789618038,-0.8286767937453118,-0.9995043304992053,0.995149047818889,0.9875686089200684,0.9366600467251116
-0.8879783226537147,-0.5141076500364727,-0.8884739937924392,0.5624347366364724,-0.5110972690134347,0.9189280285556747,0.8968244002428186,-0.9998992133699679,0.9370662877587346,1.0,0.9485460313315948,-0.8965666512506818,0.9362236468229028,0.8383550327188724,-0.9361245125951579,-0.8372050756770314,0.5347994184154504,0.5110972690134347,-0.8886788711964454,0.8373551605245064,-0.5676293701703055,0.8986682968788738,-0.5414480206228756,0.5258475976500853,0.9372198420801935,0.90497323376345,0.9979413125426239,0.9049798427119663,-0.9376776154964948,-0.9998876478806822,0.9929515564127969,0.5152005815902823,-0.9997984270757118,0.8947690172542409,0.5706893133333649,0.5323970656297655,-0.5147685459800595,0.9874264754531473,-0.969701275532358,-0.8373551605245064,-0.8809926640719569,-0.9199325887301564,-0.837257947265162,0.9999190401131456,0.9694269536510384,0.9896140374120517,-0.9201026371412947,0.9998050360242281,0.9379353644886316,0.838328596924807,-0.8828233428109795,-0.893843764461955,0.9911340955708069,0.5115755733290769,0.5630097151573928,-0.9997059017964832,-0.8898420461353189,0.8372904543336671,0.9329471498049047,-0.9117738417867506,-0.9097515035407544,0.9363822615872947,0.5630031062088765,-0.90497323376345,0.9403178904287675,0.5152732800239619,-0.8884806027409555,-0.887661093124931,0.514063842445474,0.5152204084358313,-0.9997554689103556,-0.9092888771446116,-0.9275130526783837,0.8965534333536491,0.5146297578319062,-0.8372315114710968,0.5109783077435891,-0.9460214129983578,-0.9099167272536627,0.8373769083384559,0.5463518604219902,0.5414414116743592,-0.8809992730204732,0.8373835172869722,0.9115623554342281,-0.9998116449727444,0.9638457471468921,-0.9361145991723834,0.5347862005184177,0.5111038779728706,0.5116061588899966,0.8876776154962218,-0.9370662877587346,0.9401890159326991,-0.892488930016108,0.5347795915699014,0.9998992133699679,0.5121108981588993,-0.9379419734371479,0.5414059569863264,-0.8895644702976332,-0.848387416566657,-0.9098638556655321,-0.9132608552029242,0.9420494349400452,0.5150750115684721,0.9987244729418085,0.9999603463143618,0.7880411076640739,-0.9376346573311387,0.511012196854791,0.5141151084366811,0.8374429978236192,0.872085242359994,0.9974952085177717,-0.9344458396720108,0.5152798889724782,-0.9199920692668033,-0.9396437776801021,0.9526997554741063,0.8965402154566166,0.9998050360242281
-0.8055587682282459,-0.5975735285621656,-0.8062460966026812,0.644571923296797,-0.5944342832037007,0.8357483452899832,0.9790959649198172,-0.9483759361986108,0.9970259829952317,0.9485460313315948,1.0,-0.9789109149728539,0.8527531136305808,0.921842833114688,-0.8526539797304219,-0.9205276567059126,0.618684757501958,0.5944342832037007,-0.8064906268897399,0.9206910966057498,-0.6493369594311036,0.9809795090228371,-0.6261792803539741,0.6089960709930904,0.8537491676880867,0.8207989531460144,0.956698312410573,0.8208055620726916,-0.9972308597222268,-0.9486155950842803,0.9658847204919685,0.5986663185965283,-0.9480604452433903,0.9766176174158436,0.65299169588363,0.615571953036967,-0.5982344223218423,0.975170262473523,-0.9866631859652834,-0.9206910966057498,-0.7986392219971515,-0.8368850806784724,-0.9205805281193308,0.9483180226077815,0.8837834845965988,0.9720178044484685,-0.837074818131441,0.9481727969969037,0.997310166842354,0.9218230063346562,-0.8009655641875482,-0.9755800159275133,0.9694865855310768,0.5949124482438429,0.6453385587913595,-0.9491509181451386,-0.8079578086120923,0.9206265283243708,0.9957950634554212,-0.9892142316627068,-0.8250286662194626,0.9966492741746277,0.6453319498646822,-0.8207989531460144,0.99818915409043,0.5987522346433327,-0.8062527055293585,-0.8051424058475783,0.5975229742813618,0.5986993632299147,-0.9487543825445028,-0.8246585663255359,-0.844313514263716,0.9788976971194993,0.5980956346323102,-0.9205673102659763,0.5943153223269589,-0.9997290340062323,-0.8251806715330396,0.9207127066528761,0.6305213451809359,0.6261726714272968,-0.7986590487771833,0.9207193155795533,0.8268196853490009,-0.9487940361045665,0.9948846907517984,-0.9964443974476325,0.6186781485752806,0.5944408921412976,0.5949431713986519,0.8051622326276101,-0.9970259829952317,0.9981296737503346,-0.9747406822395009,0.6186517128685716,0.9483759361986108,0.5955535141315375,-0.9973167757690312,0.6261439657929936,-0.8075877087181657,-0.9315381285502328,-0.8251278001196216,-0.829159245392752,0.9989888342183788,0.5985407489896604,0.9527395653308924,0.9486155950842803,0.8058429520753682,-0.9971779883088087,0.5943493490218161,0.5975811248463001,0.9207920137730032,0.9563330970651195,0.9574385121984265,-0.8511405355213286,0.59875884357001,-0.8369643877985996,-0.9978520988298896,0.9994778947924963,0.9788844792661447,0.948179405923581
0.7794733346330889,0.6305455182324411,0.7797905631135975,-0.6712389424395531,0.627756546566605,-0.8019502942624603,-0.9999801732199682,0.8963437704992564,-0.9875950446267774,-0.8965666512506818,-0.9789109149728539,1.0,-0.8197811784377158,-0.9548874665010029,0.8196820445375569,0.9538696917927044,-0.6524828085294808,-0.627756546566605,0.7799822219872382,-0.954013359968654,0.6729903080090278,-0.9996629447394596,0.6594287904672842,-0.6421464472062415,-0.8207771780178111,-0.787767537613054,-0.9078781710456313,-0.7877741465397312,0.9873703411197504,0.8966760403276706,-0.9199791157916999,-0.6316382537893933,0.8959754940998808,-0.9996100733260415,-0.6736710274567859,-0.6493700040644899,0.6312064119921179,-0.9332630584129984,0.9507767141077453,0.954013359968654,0.7776360530168098,0.8031927724777858,0.9539225632061226,-0.896285770938738,-0.8422264849881217,-0.9284781954986601,0.8034287168262951,-0.8961010637067487,-0.9872447715128825,-0.9548676397209711,0.7780259796907684,0.9992862359188556,-0.9253719999603465,-0.628234656550603,-0.671688349453607,0.897363368702106,0.7805109361214192,-0.9539488467436922,-0.9897743213047656,0.9962130850139284,0.7917328936194118,-0.9880180159341222,-0.6716817405269297,0.787767537613054,-0.9857445451571437,-0.6317241698361977,0.7797971720402748,0.7793675918062527,-0.6305279541076132,-0.6316712984227797,0.8967751742278295,0.7913495758721305,0.8114605397510417,-0.9999933910733227,-0.6310676243025858,0.9538895185727362,-0.6276375856898632,0.9804904484487197,0.7919311614197296,-0.954034914959636,-0.6635527607138962,-0.6594221815406069,0.7776426619434871,-0.9540415238863132,-0.7933785163620503,0.8967751742278295,-0.9624745143265008,0.9882030658810855,-0.6524761996028035,-0.6277631555042018,-0.6282522168863626,-0.7793874185862845,0.9875950446267774,-0.9858568969106573,0.9989293538782834,-0.6524894174561581,-0.8963437704992564,-0.6287237171247203,0.9872381625862052,-0.6593737040295431,0.7803919754412285,0.9644836280363888,0.7918782900063115,0.7954272836320018,-0.9842509277280823,-0.6315126841825254,-0.9019235281094173,-0.8966429956942843,-0.8495015217053674,0.9874298214598458,-0.6276716674411376,-0.6305531689942562,-0.9541142220797632,-0.9894901369881046,-0.9089289903873161,0.8181421646217546,-0.631730778762875,0.8033513867180401,0.9863591753381292,-0.9748001625795962,-0.999973564293291,-0.896107672633426
-0.9619391912656425,-0.4522165550588502,-0.9623225090129237,0.48866073405348603,-0.4548799569103477,0.9840196152943781,0.819886921264552,-0.9363674965852834,0.8453973782387871,0.9362236468229028,0.8527531136305808,-0.8197811784377158,1.0,0.7815551465364268,-0.9999206928798728,-0.7813172251760453,0.4698979912167364,0.4548799569103477,-0.9625075589598872,0.7811367703123967,-0.49156866179148173,0.820990612019655,-0.4757468913261142,0.46109490088262217,0.9991061411914021,0.9717137938213144,0.9283063634050512,0.9717204027479918,-0.8457146067192958,-0.9361775950776714,0.9165755185529094,0.45139960544707736,-0.936772398478625,0.8185056555890041,0.49362403798811055,0.4673006830325721,-0.4515887059871573,0.9028487778442342,-0.8774176279901262,-0.7811367703123967,-0.9578614835057713,-0.9854074898966033,-0.7812775716159817,0.9364186108041345,0.9828051966089737,0.9083407959130397,-0.9855578191180276,0.9365410860449209,0.845972354859709,0.7815287108297178,-0.9591303974278057,-0.8178645897013096,0.9113941200379352,0.4544000581585548,0.48914318570092624,-0.9357744505503583,-0.9633667194279313,0.7812074548981915,0.8423024877704846,-0.8280489457109718,-0.9754610552473225,0.8449215355180242,0.489136576774249,-0.9717137938213144,0.8473932740953205,0.4514789125672045,-0.962329117939601,-0.9617277056119701,0.4522852016218306,0.4514128233004319,-0.9360784611775125,-0.975170262473523,-0.9919437183804164,0.8197679605843613,0.45173410261428615,-0.7812577448359499,0.45499891778708956,-0.8516163782420916,-0.9756130605608996,0.7811520020091137,0.47960650450563574,0.47574028239943694,-0.9578614835057713,0.781158610935791,0.9769744994564158,-0.9360388076174488,0.8653100743173805,-0.8448091837645108,0.46989138229005917,0.4548865658479445,0.45437106871539656,0.9617343145386473,-0.8453973782387871,0.8471817884416482,-0.8172103059602606,0.46990460014341373,0.9363674965852834,0.45401013148459624,-0.8459657459330318,0.47569150140257016,-0.963181669480968,-0.7889042730015432,-0.9755601891474815,-0.9784152454720592,0.8486555790906778,0.45132690725362745,0.9325426854051768,0.9361709861509941,0.8689582018432297,-0.8455890371124277,0.45496332033821857,0.45220738880691014,0.7812313091292409,0.8061053365529862,0.9272489351366892,-0.9988236110514472,0.451492130420559,-0.9854801880900532,-0.8468645599611395,0.8557403484887037,0.8197547427310068,0.9365344771182436
-0.8185453091490676,-0.6704899370673069,-0.8180959021350137,0.6335878871591859,-0.6731599478564011,0.796841593940936,0.9547817236741667,-0.8382776447740528,0.929258048846577,0.8383550327188724,0.921842833114688,-0.9548874665010029,0.7815551465364268,1.0,-0.7814427947829132,-0.9992399734321148,0.6524828085294808,0.6731599478564011,-0.8179108521880504,0.9994167612584501,-0.6305081273275813,0.9537441221858364,-0.6463827692063671,0.6607043133159959,0.7808327591829454,0.8088103601534593,0.8463556726069903,0.808803751226782,-0.928954038219423,-0.8384646141543383,0.858086517459132,0.669877503544037,-0.8378103304132892,0.9562422964698418,0.628439533277598,0.6544787043860142,-0.6698819148084042,0.87180664924113,-0.901963181669481,-0.9994167612584501,-0.8227089329557433,-0.7959031263527647,-0.9992928448455328,0.8382195492742877,0.7917837687807899,0.8663146311723244,-0.7957887849644313,0.8380350339203162,0.9286962900790097,0.9999867821466455,-0.8213408851335499,-0.9568040552374092,0.8632018267073336,0.6727061241619054,0.6330657819516822,-0.8388941943883603,-0.8171243899134562,0.9993523230508596,0.9327590166574481,-0.9466857884945196,-0.8050498808740967,0.929681020153922,0.6330723908783594,-0.8088103601534593,0.9272621529900437,0.6699634195908414,-0.8180892932083365,-0.8188361019228673,0.6705648319184723,0.6699105481774232,-0.8385637480544972,-0.8053406736478962,-0.788950535488284,0.9549006843543574,0.6700207024979363,-0.9992928448455328,0.6730409869796593,-0.9230390488432726,-0.8048978755605196,0.9994382412324326,0.6425099381734909,0.6463893781330443,-0.8227023240290661,0.9994448501591099,0.8034703473982308,-0.8385637480544972,0.9092858724278884,-0.929859461174208,0.6524960263828353,0.673166556793998,0.6726807998806354,0.8188427108495445,-0.929258048846577,0.927420767230298,-0.9574583389784582,0.6525026353095126,0.8382776447740528,0.6722434992944971,-0.9286896811523324,0.6464267952774746,-0.817322657713774,-0.9906880223117365,-0.8049507469739376,-0.8018775960690104,0.9259998479946864,0.6697387160838144,0.8420598702667693,0.838431569520952,0.9116122146182849,-0.9290135185595183,0.673075143748305,0.6704712180328721,0.9995175483525598,0.969108173439672,0.847353620535257,-0.7823614355910529,0.6699568106641641,-0.7958832995727328,-0.9277908671242246,0.9188555982565652,0.954913902207712,0.8380416428469935
0.9620383251658015,0.45241482318675325,0.9624216429130827,-0.4885616001533271,0.4549790909742992,-0.9841848384613097,-0.8197877873643931,0.9362683625213319,-0.8452982443386282,-0.9361245125951579,-0.8526539797304219,0.8196820445375569,-0.9999206928798728,-0.7814427947829132,1.0,0.7814163590762042,-0.4697988573165775,-0.4549790909742992,0.9626066928600461,-0.7812359043763482,0.4914695278913228,-0.820891478119496,0.4756477574259552,-0.4609957669824632,-0.9989078730634989,-0.9718129277214734,-0.9282072295048922,-0.9718195366481507,0.8456154728191368,0.9360784611775125,-0.9164763846527505,-0.4513202983269502,0.9366732645784661,-0.8184065216888451,-0.4935249040879516,-0.46713545986564053,0.4517539294270765,-0.9027496439440753,0.877133444143004,0.7812359043763482,0.9579606174059302,0.9855528862835031,0.7813767055161407,-0.9363194765763896,-0.9827060625450222,-0.9082416620128808,0.9857032157451565,-0.9364419521447619,-0.8458732209595501,-0.7814229680028815,0.9592295313279647,0.8177654558011506,-0.9112949861377763,-0.4544991920587137,-0.4890440518007673,0.9356753166501994,0.9634658533280902,-0.7813065891259364,-0.842203353706533,0.8279498118108128,0.9755601891474815,-0.8448224016178653,-0.48903744287409,0.9718129277214734,-0.8472941401951616,-0.45138638759372285,0.96242825183976,0.961826839512129,-0.45245703371543944,-0.45133351618030476,0.9359793272773536,0.9752693963736819,0.9920494612072527,-0.8196688266842024,-0.45186628136622153,0.7813568787361088,-0.4550980518510411,0.8515172443419327,0.9757121944610585,-0.7812511359092726,-0.4795073706054768,-0.47564114849927797,0.9579606174059302,-0.7812577448359499,-0.9770736333565747,0.9359396737172899,-0.8652109404172216,0.8447100498643518,-0.46979224838990025,-0.454985699911896,-0.45447020277934813,-0.9618334484388062,0.8452982443386282,-0.8470826545414892,0.8171111720601015,-0.46980546624325475,-0.9362683625213319,-0.45413570109146423,0.8458666120328728,-0.47559236733861865,0.9632808033811269,0.7887853123213524,0.9756593230476405,0.9785143793722181,-0.8485564451905189,-0.4514194322271092,-0.9324435515050178,-0.9360718522508352,-0.8690573357433886,0.8454899032122688,-0.45506245456596345,-0.4524089617366581,-0.7813304430293998,-0.8060062024890347,-0.9271498012365302,0.9989293538782834,-0.4513929965204001,0.985625584476953,0.8467654260609806,-0.8556412145885447,-0.8196556088308479,-0.9364353432180846
0.8195234302973026,0.670998825262258,0.8191401125500213,-0.6325304588908238,0.6735697019874007,-0.7978131061624937,-0.9537639489658682,0.8371144717570216,-0.9280948777513788,-0.8372050756770314,-0.9205276567059126,0.9538696917927044,-0.7813172251760453,-0.9992399734321148,0.7814163590762042,1.0,-0.6513923356277324,-0.6735697019874007,0.818955062603058,-0.9998265153894498,0.6296093132994736,-0.9526602582107653,0.6455830890784182,-0.6597988903612109,-0.7803238709879943,-0.8096364759881172,-0.8451925015117919,-0.8096298670614399,0.9277908671242246,0.83730144305914,-0.8569101285105792,-0.669903939250746,0.8366537682447682,-0.9552113039081888,-0.6274415853493314,-0.6535071921644565,0.6703379315025813,-0.8705906067325136,0.90010607327317,0.9998265153894498,0.8237333165907191,0.7968349850142588,0.9999471285865819,-0.837056374335414,-0.7908320817668554,-0.8651646779304807,0.7967008183527853,-0.8368850806784724,-0.9275066832771024,-0.9992598002121466,0.8223586598418484,0.9558788055025923,-0.8620188288321036,-0.6730894419091867,-0.6320347893900291,0.8377376322198393,0.8181487735484319,-0.9998975613034566,-0.9312323520725947,0.9455424441793531,0.8058495610020454,-0.9285178490587236,-0.6320413983167064,0.8096364759881172,-0.9260593283347818,-0.6698180232039416,0.819133503623344,0.8197547427310068,-0.6710472835659125,-0.6698708946173597,0.8374005769592989,0.8061601805558768,0.7895189031825286,-0.9538829096460589,-0.6704767191921134,0.9999471285865819,-0.6736886628641426,0.9217503081412063,0.8056975556884685,-0.9998017321996822,-0.641683822338833,-0.6455896980050955,0.8237134898106873,-0.9997951232730048,-0.804355943572984,0.8374005769592989,-0.9079442603124039,0.928702899005687,-0.6513989445544096,-0.6735763109249975,-0.6730608137924496,-0.8197481338043295,0.9280948777513788,-0.9262245515017133,0.9565132624636096,-0.651431989187796,-0.8371144717570216,-0.6727325598686146,0.9275000743504251,-0.6456205048906689,0.8183338234953952,0.9898090350636605,0.8057504271018865,0.8029019797039861,-0.9247639787060382,-0.670029508857614,-0.8408966991715711,-0.8372683984257536,-0.9127886035668378,0.9278437385376428,-0.6736534267434837,-0.670993324965662,-0.999722425079555,-0.968282056240076,-0.8461838405133815,0.7828901497252339,-0.6698114142772643,0.7968217671609042,0.9266012603223174,-0.9175404218477898,-0.9538961274994134,-0.8368916896051497
