1.0,0.4932117949716021,0.9999008660998411,-0.4516309178807816,0.49621886157813155,-0.9731809755436668,-0.778669618667922,0.8763054717058558,-0.7906992113956287,-0.8761005946403561,-0.7936825269892043,0.7786650276512055,-0.9587321414127463,-0.8220309298835443,0.958798230788714,0.82263234419853,-0.4692849117730995,-0.49621886157813155,0.9997620786396185,-0.8224756749801805,0.45225876591512154,-0.7787687528956668,0.4643505644865163,-0.4845144330942554,-0.9581109012786502,-0.9916116059566671,-0.8656301632457545,-0.9916049970190703,0.7912246236707859,0.8757389606141015,-0.8533573458509349,-0.4925244654615382,0.8770541370228768,-0.7785394578368668,-0.4524239890820531,-0.47813932278328336,0.49295404640532814,-0.8401196219727317,0.816170141061743,0.8224756749801805,0.9989144820010958,0.9703853995591846,0.8226144626697126,-0.8763186895810494,-0.9367327449185615,-0.8444947458905403,0.970363871583058,-0.8767302996156909,-0.7913059282311394,-0.8220375388320607,0.9990615324118287,0.7785262399616734,-0.8447629212777699,-0.4959412861990673,-0.45134673403365927,0.8753934383175018,0.9995638108393007,-0.8225814179817288,-0.7895479479257964,0.7795750446146588,0.9871389861926871,-0.7905168511107954,-0.451340125106982,0.9916116059566671,-0.7922245720749089,-0.49236335999211384,0.9998942571731638,0.9999669553666137,-0.49320849050280374,-0.4924914207735544,0.8756398267139425,0.9875140646466709,0.9643100847444185,-0.7786497918223729,-0.49299370003090875,0.8226144626697126,-0.4963576492676637,0.7933547022712009,0.9869655228261393,-0.8224294124170032,-0.45971109029358515,-0.46435717342411303,0.9989557895849924,-0.8224340757430403,-0.9859080928106563,0.875600173153879,-0.8090945440005816,0.7904798096665986,-0.4692981296701321,-0.4962254705157283,-0.4959346772614705,-0.9999669553666137,0.7906992113956287,-0.7922153452668519,0.7780503964547061,-0.46926761405851164,-0.8763054717058558,-0.49586858788550287,0.7913059282311394,-0.4643836091745001,0.999596855472687,0.8156863393078703,0.986972131763736,0.9853265063021407,-0.792832595338411,-0.4925905548375059,-0.8715092475406532,-0.8758975748543558,-0.9330101562861253,0.7911843527051989,-0.4963312135172766,-0.4932117949716021,-0.822387813103426,-0.7864219152775737,-0.8655810403111482,0.9590097167918106,-0.4923526330840223,0.9703440447702677,0.7921736960989992,-0.796312879806755,-0.7786121561504313,-0.8767038639089818
0.4932117949716021,1.0,0.4931126609076506,-0.9584215213456982,0.9970358865904435,-0.464700838179145,-0.6300420164604734,0.517074218491838,-0.6057022196260009,-0.5172592690502941,-0.6027020641372576,0.6300475844293173,-0.45190668164694997,-0.670293883904629,0.45199920692617807,0.6706177229169865,-0.9797980632457747,-0.9970358865904435,0.4929672642805217,-0.670778534135219,0.9564784936922485,-0.6298437476773974,0.9748694732668033,-0.9917520322516687,-0.4513250941775164,-0.48093648800475847,-0.526783634234468,-0.4809298790562421,0.6053354217712706,0.5177177355804179,-0.5394926632296426,-0.9993258872513383,0.5162439424963385,-0.630199590245192,-0.9563264881275227,-0.9866218580711072,0.9998612120811579,-0.5549972820661895,0.5842627197927603,0.670778534135219,0.49497389465336067,0.46308825740553355,0.6706265283193444,-0.5170610005948054,-0.4670470110259976,-0.548850949790832,0.46306589121670744,-0.5166536966273382,-0.6052055469004806,-0.6703004928640648,0.4948442025580038,0.6302128081422246,-0.5485814741573244,-0.9974192056043883,-0.9581373370290373,0.5180159936554094,0.49278882296540893,-0.6706793999074747,-0.6073071960010866,0.6279139315221238,0.4765885873190487,-0.6059140078092867,-0.958143945966634,0.48093648800475847,-0.6039961073237167,-0.9992250995075094,0.4931060519700538,0.49320518603400537,-0.9999702597316766,-0.9993126693543057,0.5178168696443693,0.4769314652038861,0.45778203687793273,-0.630061843338781,-0.9999008657722557,0.670639746216377,-0.9968970986716014,0.602978327570593,0.4764490119621968,-0.6707520983411539,-0.9703886061727579,-0.9748760822153195,0.49494333662195533,-0.670743293146268,-0.4756493291917256,0.51785652326995,-0.5913809540339939,0.6059127055601184,-0.9798079766849285,-0.9970292776419272,-0.9974258145529047,-0.49320518603400537,0.6057022196260009,-0.6040436784694014,0.6305564734650717,-0.9797799220144076,-0.517074218491838,-0.9975844293172956,0.6052055469004806,-0.9749025180093847,0.49280864977819927,0.6644053010472704,0.4764556209107131,0.47517348489855266,-0.6034607816094113,-0.9994184125305664,-0.5214583942601886,-0.5175657300156922,-0.5762441345581918,0.6054117285519324,-0.9969235344656665,-1.0,-0.6706772035519093,-0.6443140643622309,-0.5268248515887641,0.4525080959619325,-0.9992135351265614,0.4630493688454167,0.6040479809662282,-0.6008251258597754,-0.6300938470689313,-0.5166801323777253
0.9999008660998411,0.4931126609076506,1.0,-0.4514789125672045,0.49611972751418004,-0.9732801094438258,-0.7787687528956668,0.8764046057698074,-0.7907983457871678,-0.8761997287043075,-0.7937816608893633,0.7787641617151569,-0.9588312754766979,-0.8219317956557994,0.9588973648526655,0.8225332099707852,-0.46918577754535457,-0.49611972751418004,0.9999206928798728,-0.822376540916229,0.4523578998152805,-0.7788678871234117,0.4642514304225647,-0.4844152990303039,-0.9582100353426016,-0.9917107400206187,-0.8657292974734994,-0.9917041310830218,0.7913237580623251,0.8758380945142604,-0.8534564800786799,-0.4924253313975867,0.8771532709230357,-0.7786385919008184,-0.4525231229822121,-0.47804018888312444,0.4928549123413766,-0.8402187562004766,0.8162692754532822,0.822376540916229,0.9988153479371442,0.9704845334593435,0.8225153286057612,-0.8764178236450009,-0.9368318788187204,-0.8445938801182852,0.9704630056470095,-0.8768294335158499,-0.7914050624588843,-0.8219384046043158,0.9989623985116697,0.7786253740256248,-0.8448620551779288,-0.4958421521351158,-0.4513797786670456,0.8754925723814534,0.9996629447394596,-0.8224822839177773,-0.7896470821535413,0.7796741788424036,0.987238120420432,-0.7906159850109543,-0.45137316974036834,0.9917107400206187,-0.7923237063026538,-0.49226422576436896,0.9999933910733227,0.9998678214664547,-0.49310935643885223,-0.4923922867096029,0.8757389606141015,0.9876131987106225,0.96440921880837,-0.7787489260501179,-0.49289456596695724,0.8225153286057612,-0.49625851520371217,0.7934538364989457,0.9870646568900907,-0.8223302783530516,-0.45961195622963363,-0.4642580393601615,0.9988566556848335,-0.8223349415152954,-0.9860072268746078,0.8756993070540379,-0.8091936779007405,0.7905789438943435,-0.46919899544238725,-0.4961263364517768,-0.495835543197519,-0.9998678214664547,0.7907983457871678,-0.7923144791670109,0.7781495305186575,-0.46916847999456013,-0.8764046057698074,-0.49576945382155135,0.7914050624588843,-0.4642844751105486,0.9996959893728459,0.8155872050801254,0.9870712658276874,0.9854256403660923,-0.7929317295661559,-0.4924914207735544,-0.8716083814408121,-0.8759967087545147,-0.9329110222221737,0.7912834866053579,-0.4962320794533251,-0.4931126609076506,-0.822288678875681,-0.7863227810498288,-0.8656801742113072,0.9591088508557621,-0.49225349902007076,0.9704431788342192,0.7922728301629508,-0.796412013706914,-0.7787112902143828,-0.8768029978091408
-0.4516309178807816,-0.9584215213456982,-0.4514789125672045,1.0,-0.9554144547391688,0.47781548537609747,0.6723448549372509,-0.5747066044773483,0.6603176596433963,0.5749114815428481,0.6573271517839145,-0.6723470485319987,0.49227993477045784,0.6296047848821633,-0.49221384539449015,-0.6290033705671775,0.9823904566837061,0.9554144547391688,-0.45134673403365927,0.6291576413371198,-0.9987509128579973,0.672245720709506,-0.9872827518307841,0.967118883223045,0.49290117490455404,0.4593872523513435,0.5853843103594184,0.4593938612889403,-0.659792247368239,-0.5752707181590174,0.5976571277542378,0.9591088508557621,-0.5739555417502421,0.6724726183463373,0.9985856896910658,0.9735048129508527,-0.9586792699119722,0.6108948516324412,-0.634846729977282,-0.6291576413371198,-0.4527188343162046,-0.48062427921393425,-0.6290188536475877,0.5746933866021547,0.5142769338545573,0.6065197277146326,-0.4806482046001461,0.5742793791574279,0.6597085453740335,0.629598175933647,-0.4525693854689529,-0.6724858362215308,0.606246757495349,0.955692030118233,0.9997290340062323,-0.5756186378657022,-0.4514458679338182,0.6290518983355715,0.6614665256793765,-0.6714394289905141,-0.46386226951545306,0.6604928276623235,0.9997356429329095,-0.4593872523513435,0.658789901530264,0.9592723547735937,-0.45147230364052726,-0.4516639625141679,0.9584248258144966,0.959141895543746,-0.5753698520591763,-0.4634980115365332,-0.4867019914387856,0.6723646817827998,0.9586396162863916,-0.6290188536475877,0.9552756670496366,-0.657659771333972,-0.46404655335706496,0.6292039039002972,0.9919354438989088,0.9872761428931873,-0.4526751282957891,0.6292016390226673,0.4651039833725478,-0.5754095056192399,0.6419151347725373,-0.6605346639385743,0.9823772387866734,0.955407845801572,0.9556986390558299,0.4516639625141679,-0.6603176596433963,0.6587943335062669,-0.6728823724773368,0.9824053558843693,0.5747066044773483,0.9557647284317975,-0.6597085453740335,0.9872497071428002,-0.45139960544707736,-0.6359493754578374,-0.46403994441946816,-0.4656855698810634,0.6581818782667618,0.9590427614797944,0.5795004312324656,0.5751121039187631,0.518623160031175,-0.65982532606792,0.9553021028000237,0.9584215213456982,0.6292479016622816,0.6652137994881339,0.5854286384619706,-0.4920023593913936,0.9592806832332781,-0.48066803141293646,-0.6588383800842049,0.6546967989663639,0.6723999200327728,0.574305814864137
0.49621886157813155,0.9970358865904435,0.49611972751418004,-0.9554144547391688,1.0,-0.46868602754999605,-0.6269886772011023,0.5139217500495671,-0.6026026125292716,-0.5140968871852488,-0.5995165562156154,0.6269909457405327,-0.45489723085057165,-0.6732844380493593,0.4549633203357346,0.6735818412239734,-0.9764572342509432,-1.0,0.4959743308870511,-0.6737426475447756,0.9534251645225417,-0.6267904084180262,0.9719251867027956,-0.9883781640341022,-0.4542892075870729,-0.4839402551054127,-0.5236642053807382,-0.48393364615689644,0.6022159877634748,0.5145652723467595,-0.5363732343759128,-0.9963617738417818,0.5130848703250834,-0.6271495605049237,-0.9532268963946385,-0.9826366687002561,0.9967913554953407,-0.5518514173747162,0.5843222005259598,0.6737426475447756,0.49807349150750113,0.4660160167609018,0.6735906417289009,-0.5139085321525345,-0.463987072918694,-0.5457315209371022,0.46599365540942433,-0.5134946244560831,-0.6020861180467507,-0.6732910470087952,0.4978975317277106,0.6271627784019562,-0.5454157930484725,-0.9997224241623158,-0.9551302704225078,0.5149064833784944,0.495835543197519,-0.6736435133170312,-0.6042208119445361,0.6248539833033169,0.47953948770716387,-0.6027681535132252,-0.9551368793601045,0.4839402551054127,-0.6008568515916792,-0.9962609812005224,0.49611311857658325,0.4962519062661154,-0.9970788447557993,-0.9963485559447491,0.514664406410711,0.47988896966492633,0.4607461502874893,-0.6270085040794099,-0.9968310091864384,0.6736038596259335,-0.9998612120811579,0.5998390718385556,0.4793932985262045,-0.6737162117507105,-0.9673848390721036,-0.9719317956513118,0.49803631941724275,-0.6737074114532549,-0.478633269446831,0.5146974510986949,-0.5881293567363841,0.6028131035846962,-0.9764638432103792,-0.9999933910514837,-0.9997158152137995,-0.4962519062661154,0.6026026125292716,-0.6008581705477593,0.6275064437248034,-0.9764787522305202,-0.5139217500495671,-0.9996695525741854,0.6020861180467507,-0.9719185777542793,0.4958553700103093,0.6670587982607714,0.4793999074747208,0.47815742515365806,-0.600321525877374,-0.9964278633269447,-0.5182927131513366,-0.5144066578444371,-0.5794098208974952,0.6022460474430805,-0.9998876478752231,-0.9970358865904435,-0.6736413218588962,-0.6416275223515504,-0.5236591704799123,0.455472209371489,-0.9962494217170048,0.46602009120348953,0.6009054259467319,-0.5975933553749558,-0.627043817328663,-0.5135210602064701
-0.9731809755436668,-0.464700838179145,-0.9732801094438258,0.47781548537609747,-0.46868602754999605,1.0,0.8063412861057837,-0.9189992085809772,0.830253833619732,0.918833985141058,0.833706186946709,-0.8063366493688731,0.9872959697059775,0.7944980503645255,-0.9873620590819453,-0.7950994646795112,0.45411076597961236,0.46868602754999605,-0.9734387236840801,0.794942840952045,-0.4798510347926945,0.8066783424801164,-0.4579002413920707,0.45378287326928424,0.9866218580711072,0.9873884948323324,0.9088196417999523,0.9873951037699291,-0.8306206308684267,-0.9184788894359611,0.8963353380526103,0.46396063716830693,-0.9197015408712548,0.8061317723033733,0.4800955650797532,0.4513202983269502,-0.46439021811209685,0.8806192584807844,-0.8517858234620259,-0.794942840952045,-0.9712428602834281,-0.9994184144524009,-0.7950816286415772,0.9190124264561707,0.9680921020021743,0.8872348159456279,-0.9994002389144582,0.9193843123907461,0.8307745687706451,0.7945046593130418,-0.9714692635342557,-0.8061185544281797,0.887588766146434,0.4683555806701577,0.47811288707657434,-0.9181730913813811,-0.9735246397308845,0.7950485839535933,0.8284350009958653,-0.8086676359835309,-0.9932720904158387,0.830038232640828,0.4781062781498971,-0.9873884948323324,0.8321888837531392,0.46379948450454794,-0.9732867183705031,-0.9731479309102805,0.464700838179145,0.4639275924803231,-0.9183797555358022,-0.9928474772872627,-0.9953324378236474,0.8063214592602347,0.46442987173767747,-0.7950816286415772,0.4688248152395282,-0.8332991871038821,-0.9934290637957783,0.7948965783888676,0.46393420141791986,0.45789363245447395,-0.9712842135872923,0.7949011962240214,0.9941758737442131,-0.9183401019757387,0.8453048532653055,-0.8300013217942348,0.45411076597961236,0.46869263648759285,0.4683489717325609,0.9731479309102805,-0.830253833619732,0.8321795248842612,-0.8056493198588092,0.4540802754611388,0.9189992085809772,0.46823661979341585,-0.8307745687706451,0.4579068503296675,-0.9735444665109163,-0.7856321459298726,-0.9934224548581815,-0.9947111976895513,0.832770471222576,0.4640267265442746,0.9146060584030851,0.9185978501161519,0.8902701568478266,-0.8305801646283635,0.4687983794891411,0.464700838179145,0.7948549335844071,0.7898717864030964,0.9087968118537709,-0.9875735450850418,0.463788804790791,-0.999363889757676,-0.8321379417466553,0.8356888649498878,0.8062837778680989,0.9193578766840371
-0.778669618667922,-0.6300420164604734,-0.7787687528956668,0.6723448549372509,-0.6269886772011023,0.8063412861057837,1.0,-0.9034513638426247,0.988772993060267,0.9036463281459828,0.9859394620369737,-0.99999173880207,0.8206642334692211,0.9537074671451561,-0.8205981438748625,-0.953092832902098,0.6536998668292473,0.6269886772011023,-0.7789141497630261,0.953246568712174,-0.6735939462068368,0.9999206923557344,-0.6589826498301404,0.638739407078076,0.8212854756561928,0.7875599556549571,0.9141759109639513,0.787566564614393,-0.9883533227492973,-0.9040149362285825,0.9264421599436916,0.6307293482418037,-0.9026931465253171,0.9998727775322245,0.6737129072801306,0.6449838080796565,-0.6302997658784723,0.9396997544767512,-0.9639232234658428,-0.953246568712174,-0.777636603062001,-0.8090113013063799,-0.9531209984828924,0.9034381459237529,0.8427103297911319,0.9352453084571689,-0.809035769341811,0.9030169850026171,0.9882690776190524,0.9537008581748007,-0.7777311479786034,-0.9998595596133527,0.9349712510790589,0.6272662534974087,0.672629039723453,-0.9043600957650566,-0.7790925913729668,0.9531408253612,0.9898221856525863,-0.999273013260899,-0.7921875361428067,0.9889399246633863,0.6726224307749367,-0.7875599556549571,0.9873900845617757,0.6308923101325429,-0.7787753618441832,-0.7786762276164383,0.6300420164604734,0.6307623930389831,-0.9041140704563274,-0.7917764717750411,-0.8150862717053483,0.9999801730889336,0.6302601121218571,-0.9531077805640208,0.626849889052949,-0.9862599506309915,-0.7923514512459616,0.9532928314282251,0.663767536461709,0.6589760408707046,-0.7776452316478912,0.9533043199534729,0.7932568786886756,-0.904147115198909,0.9710164562871071,-0.9889894553877978,0.6536899533737142,0.6269952861605381,0.6272728624568447,0.7786762276164383,-0.988772993060267,0.9873934307105657,-0.9995158937226876,0.6537153091597535,0.9034513638426247,0.6273389520512033,-0.9882690776190524,0.6589496050329611,-0.7790727645274179,-0.9600983414788893,-0.7923448422865257,-0.7938384671190319,0.986795277229784,0.630663258647445,0.9083636243523258,0.9038497125156744,0.8424308413712532,-0.9883847729880147,0.6268763248906926,0.6300420164604734,0.9533505827459611,0.9894752147089244,0.914225761686308,-0.8203866571729147,0.6309011811871362,-0.8090522917404006,-0.9874413248333562,0.9836329390047756,0.9999653029643266,0.9030434207966824
0.8763054717058558,0.517074218491838,0.8764046057698074,-0.5747066044773483,0.5139217500495671,-0.9189992085809772,-0.9034513638426247,1.0,-0.940542398202208,-0.9998942568237393,-0.9452697355281299,0.9034465666512458,-0.9335569360914678,-0.840639813364133,0.933490846606305,0.8400251801365972,-0.5402692159633571,-0.5139217500495671,0.8765500023969363,-0.8401791025047914,0.5769734700730397,-0.9037685938955463,0.5462130725001653,-0.52624743903245,-0.9342508756856784,-0.8986418610799022,-0.9980982719236938,-0.8986484700284185,0.9410678113454702,0.9999653030789819,-0.9934786092780219,-0.5178342475712114,0.9996546830119337,-0.9032549071442734,-0.5772047828889266,-0.5323234876692752,0.5174046659176526,-0.9880262177434306,0.9646783579404924,0.8401791025047914,0.8741424889300112,0.9216692193700714,0.840053532482982,-0.9999867821029674,-0.9671122742854481,-0.9907425000715725,0.9216938735047254,-0.9996679008871273,-0.941353746207329,-0.840633204404697,0.8743492261772126,0.9032416892472408,-0.9907524440690872,-0.5141993258872514,-0.5749907887940093,0.9998050360187695,0.8766887900864684,-0.8400733593285308,-0.9386044190820079,0.9075885724494782,0.9047764602095163,-0.94027998764257,-0.5749841798564126,0.8986418610799022,-0.9434421773890634,-0.5179970226644811,0.8764112147074041,0.876272427017872,-0.5170312603264821,-0.5178672923137929,0.9998661690150303,0.9041272883484238,0.9277146256030665,-0.9034315369643171,-0.5173584032780385,0.8400403145859494,-0.513782962130725,0.9448631036677752,0.9051186306258674,-0.8402253651444055,-0.5526832330976141,-0.5462064635516489,0.8741773937996965,-0.8402366668385449,-0.9061958892340228,0.9998132975142562,-0.9607610852549541,0.9402302231032315,-0.5402626070039213,-0.5139283589980834,-0.5142059348357676,-0.876272427017872,0.940542398202208,-0.9434324508762284,0.9028980239243937,-0.5402451919899544,-1.0,-0.5142720243209306,0.941353746207329,-0.5462196814486815,0.876668963273678,0.8474536505425131,0.9051120216773512,0.9071145330777873,-0.9442220346024959,-0.5177681580860485,-0.998736040685983,-0.9999190405158045,-0.7869704580001322,0.9410201886534081,-0.5138093979247902,-0.517074218491838,-0.840282929554596,-0.8782976642297101,-0.9978636609232097,0.9332727513052673,-0.518006080232635,0.9216674377106603,0.9433844425351926,-0.9477546960645147,-0.9033936950631155,-0.9996612919495306
-0.7906992113956287,-0.6057022196260009,-0.7907983457871678,0.6603176596433963,-0.6026026125292716,0.830253833619732,0.988772993060267,-0.940542398202208,1.0,0.940767103194295,0.9985774214936984,-0.9887647504011106,0.8450064272282842,0.9293219019999895,-0.8449403375247292,-0.9287072667414041,0.6303976789266366,0.6026026125292716,-0.7909437428947586,0.9288610430988625,-0.6622606937175628,0.9891100511052977,-0.6361233101723653,0.6145780668134367,0.8456276704417012,0.8095360833303181,0.9492975479040181,0.8095426923006737,-0.9998744291482992,-0.9411819132722739,0.9596736485059453,0.6063895525429728,-0.9396618526020076,0.9885400454090235,0.6624853983383847,0.6210736585127822,-0.6059599694698653,0.9687147348902996,-0.987001764600916,-0.9288610430988625,-0.7888665285434933,-0.832923853231852,-0.9287354726621081,0.940529180261497,0.8727890965494446,0.9659059178483766,-0.8329483608146753,0.9400649991276,0.9998496456773561,0.9293152930187145,-0.7890667984149514,-0.9885268274683126,0.9656317587055354,0.6028801892842025,0.6606018448991418,-0.9415568751517772,-0.7911221847995289,0.9287552995731746,0.9997637289207796,-0.9907887323491764,-0.8149700034873499,0.9998926044214506,0.6605952359397058,-0.8095360833303181,0.9993077092127968,0.6065524744860296,-0.7908049547466037,-0.7907058203550646,0.6057022196260009,0.6064225973947504,-0.941281047663813,-0.8145258559487203,-0.8392566230189996,0.9887531661164416,0.6059203156477323,-0.928722254721397,0.6024638241518061,-0.998673247010386,-0.8152131888656923,0.9289073058913511,0.641793806737384,0.6361167012020098,-0.788901574429053,0.9289187541422077,0.8160393101601296,-0.9413140924609927,0.9923088234687089,-0.9999058220181946,0.630387765454724,0.602609221499627,0.602886798254558,0.7907058203550646,-1.0,0.9993209294302416,-0.9881831610098265,0.6304131597852137,0.940542398202208,0.6029528879581131,-0.9998496456773561,0.6360902653205878,-0.7911023579212211,-0.9359308832751024,-0.8152065798953367,-0.8167002071956796,0.9990136095460543,0.6063234628394178,0.9449457156710419,0.9409704265703238,0.8117732197956548,-0.9999091268200404,0.602490260033228,0.6057022196260009,0.9289650170111335,0.967303717388063,0.9493010199393267,-0.8447288504733532,0.6065613857722159,-0.8329648832405641,-0.9993820612772205,0.9976786030104104,0.9887118786382665,0.9400914349653438
-0.8761005946403561,-0.5172592690502941,-0.8761997287043075,0.5749114815428481,-0.5140968871852488,0.918833985141058,0.9036463281459828,-0.9998942568237393,0.940767103194295,1.0,0.9454680036560329,-0.9036415306324763,0.9333652765844954,0.8408149507891834,-0.9332991870993325,-0.8402003175616477,0.5404179175506642,0.5140968871852488,-0.8763451253314365,0.8403542396404732,-0.5771783471385395,0.9039701671583403,-0.5463617738417818,0.5264258806423898,0.9340658251272222,0.8984931597382856,0.9981015764034117,0.8984997686868019,-0.9412892118523795,-0.9998859958278207,0.993521567514355,0.5180259070781839,-0.999760426013482,0.9034498711255039,0.5774096599544264,0.5324887111091943,-0.517596325424625,0.9881022207769431,-0.9648303642586689,-0.8403542396404732,-0.8739376115260062,-0.9215039959301522,-0.8402286696186637,0.9999074747207719,0.9669602687207225,0.9907854583079055,-0.9215286497918181,0.9997802528262724,0.9415685373889948,0.8408083418297475,-0.8741443491117127,-0.9034366532284713,0.990871404945829,0.5143744630229331,0.5751956658595091,-0.9996992928425088,-0.8764839130209686,0.8402484964642125,0.9388456461014171,-0.9077901457122722,-0.9046277586222092,0.9405245183336505,0.5751890569219124,-0.8984931597382856,0.9436437506518575,0.5181886824881213,-0.8762063376419044,-0.8760675499523722,0.5172163108849382,0.5180589518207653,-0.999760426013482,-0.9039785870068072,-0.9275295750446104,0.9036265012676752,0.5175434538364946,-0.840215451721631,0.5139580992664067,-0.9450514590116973,-0.9049699292842509,0.8404005022800872,0.5528319344392307,0.5463551648932655,-0.8739725167341967,0.8404118042635954,0.9060471878924063,-0.9998199064518529,0.9609461355076636,-0.9404648411632048,0.5404113085912283,0.5141034961337652,0.5143810719714493,0.8760675499523722,-0.940767103194295,0.943643936879325,-0.9030929879056242,0.540393893331571,0.9998942568237393,0.5144471614566123,-0.9415685373889948,0.5463683827902981,-0.8764640862081783,-0.8476287879675636,-0.9049633203357346,-0.9069658317361707,0.944416998905854,0.5179598175930209,0.9987756943115637,0.9999520852037883,0.786851496926839,-0.9412515014692949,0.5139845350604719,0.5172592690502941,0.8404580669796465,0.8784463658170172,0.9979033145487902,-0.9330810917982949,0.5181977397396075,-0.921502213997753,-0.9435860154649395,0.947972791005208,0.903588659044346,0.9997868617638691
-0.7936825269892043,-0.6027020641372576,-0.7937816608893633,0.6573271517839145,-0.5995165562156154,0.833706186946709,0.9859394620369737,-0.9452697355281299,0.9985774214936984,0.9454680036560329,1.0,-0.9859345285610434,0.8479993919788985,0.9262342211404744,-0.8479333026029309,-0.925619588928456,0.6268091996597569,0.5995165562156154,-0.793927057276263,0.9257733696176643,-0.6594552261739932,0.9862765184113065,-0.6325083726986812,0.611406034952201,0.8486206321129947,0.8132231623447053,0.9536150948436177,0.8132297712823021,-0.9987657768376227,-0.9458200190997981,0.9634492102359125,0.6033893936473214,-0.9444916248376682,0.9857296514955436,0.659699756461052,0.6176141113802412,-0.6029598127035315,0.972186240174497,-0.9902831774015932,-0.9257733696176643,-0.7916449810912578,-0.8363761933243231,-0.9256477998033257,0.9452565176529364,0.8767369085423682,0.969562487613515,-0.8364007064965707,0.9448220711715314,0.9988467384893607,0.926227612191958,-0.791865072152957,-0.98571643362035,0.9693808427042406,0.5997941315946796,0.6576113356310368,-0.9461156795405162,-0.7940658447364856,0.925667626616116,0.9982651510199239,-0.9882724208632372,-0.8185579274382144,0.9984799468642295,0.6576047267043595,-0.8132231623447053,0.9992961469884709,0.6035523098308017,-0.7937882698160406,-0.793649482355818,0.6026591060428785,0.6034224383353053,-0.945919152999957,-0.8180609046655395,-0.8424214486472263,0.9859196351914248,0.6029201590779508,-0.9256345819281322,0.5993777685260833,-0.9999504328915872,-0.8188209324891678,0.9258196321808417,0.638099533905547,0.6325017637610845,-0.7916800222059936,0.9258310752809784,0.8196602675639574,-0.9459588065600206,0.995149047818889,-0.9984369836813484,0.6268025907112406,0.5995231651532121,0.5998007405322764,0.793649482355818,-0.9985774214936984,0.9992928448455328,-0.9853727688653181,0.6267850327398801,0.9452697355281299,0.599866829908244,-0.9988467384893607,0.632514981636278,-0.7940460179564538,-0.9327109906864749,-0.818814323551571,-0.8203211613236342,0.9996464212598363,0.6033233042713537,0.9494813644790018,0.9456547959328665,0.8080615820816295,-0.9987310860779655,0.5994042042764703,0.6027020641372576,0.9258773379205927,0.9636739144854676,0.953658206139032,-0.8477218165998343,0.6035612260248374,-0.8363742707461836,-0.9992449288809342,0.9995902465460097,0.9858816570602692,0.9448485068782404
0.7786650276512055,0.6300475844293173,0.7787641617151569,-0.6723470485319987,0.6269909457405327,-0.8063366493688731,-0.99999173880207,0.9034465666512458,-0.9887647504011106,-0.9036415306324763,-0.9859345285610434,1.0,-0.8206562685876677,-0.9537091958726848,0.8205901791025048,0.953094562645149,-0.6537153091597535,-0.6269909457405327,0.7789095583422859,-0.9532482981957571,0.6735961377377878,-0.9999124312888397,0.6589848655078977,-0.6387449606767563,-0.821277509748199,-0.7875553499438239,-0.9141677915678851,-0.7875619588923403,0.9883450807835363,0.9040101381115073,-0.9264340202808565,-0.6307349150750116,0.9026883505921537,-0.9998744299781904,-0.6737084896769329,-0.6449860468813792,0.6303053334214527,-0.9396915929092082,0.9639150218644322,0.9532482981957571,0.7776187958495804,0.8090066601579673,0.9531227281739475,-0.9034333487542132,-0.8427056329638873,-0.935237154249433,0.8090311281475118,-0.9030121885343954,-0.988260835803404,-0.9537025869132488,0.7777265585124644,0.9998612120811579,-0.9349664018147686,-0.6272685215782169,-0.6726312328486597,0.9043519925979777,0.7790879996573986,-0.9531425550194964,-0.989813941270833,0.9992647532641246,0.792182922780347,-0.9889349862299761,-0.6726246239110629,0.7875553499438239,-0.9873818441984334,-0.6308978767074184,0.7787707706527538,0.7786716365888022,-0.6300442799550592,-0.630767959817593,0.9041092721754588,0.7917718590972176,0.8150783160399181,-0.99999173880207,-0.6302656797303549,0.9531095102769149,-0.6268521578216906,0.9862517121348999,0.792346837618135,-0.9532945608353711,-0.6637697442336924,-0.6589782565593814,0.7776406423237064,-0.9533060493470967,-0.7932522635648668,0.9041423168634427,-0.9710115474675413,0.9889812123819136,-0.6537087002003176,-0.6269975546890489,-0.6272751305267332,-0.7786716365888022,0.9887647504011106,-0.9873884948323324,0.9995175467583107,-0.6537307514374463,-0.9034465666512458,-0.6273412200118961,0.988260835803404,-0.6589518207653162,0.7790681728446083,0.9601000596471694,0.7923402286696186,0.7938338510343005,-0.9867870378492053,-0.6306688255898486,-0.9083588190501807,-0.9038449146715881,-0.8424327539488468,0.9883798354718476,-0.6268785936157557,-0.6300475844293173,-0.9533523120631479,-0.9894768843396037,-0.9142209466985138,0.8203786927499834,-0.6309067477364352,0.8090443460445443,0.9874363888705306,-0.9836280093397713,-0.9999669552574185,-0.9030386242847824
-0.9587321414127463,-0.45190668164694997,-0.9588312754766979,0.49227993477045784,-0.45489723085057165,0.9872959697059775,0.8206642334692211,-0.9335569360914678,0.8450064272282842,0.9333652765844954,0.8479993919788985,-0.8206562685876677,1.0,0.7816151966423937,-0.999933910514837,-0.7813177934677795,0.47087514188674057,0.45489723085057165,-0.9589766721038268,0.781154583305796,-0.4942229624239076,0.8208625022522972,-0.47582777080166544,0.45867424492763204,0.9994184125305664,0.9710098473332893,0.9238631350603037,0.9710164562818056,-0.8453732250830145,-0.9329110222221737,0.9111739329434367,0.4513911836626793,-0.9343848153062531,0.820504262771793,0.4943749679886333,0.4640267265442746,-0.451635714757782,0.8956693141068899,-0.8656991134113533,-0.781154583305796,-0.9569724406846871,-0.988882114729202,-0.7813065891216707,0.9335701539885004,0.983608182526981,0.9018156463822473,-0.9889068799154055,0.9339684522376567,0.845500703029214,0.7816085876829577,-0.9570997338263446,-0.8204910448747604,0.902080328333251,0.4546196550128874,0.49256411908711883,-0.9326217698764127,-0.9591551134189394,0.7812537175335404,0.8433990539286079,-0.8227857094481349,-0.975366755944025,0.8447874483068692,0.4925575101495221,-0.9710098473332893,0.8467101426059779,0.45149436834105694,-0.9588378844142946,-0.9587387503503431,0.4519595532350803,0.45140440155971184,-0.9328118881582222,-0.975021479082678,-0.9941841253056639,0.8206444065909135,0.4517282400370101,-0.7812933712246382,0.4550360187694138,-0.8477279223591015,-0.9755039323243672,0.7811810190998613,0.4803152468442271,0.47582116185314915,-0.957000599762393,0.781192223238498,0.976316832991871,-0.9327722345326416,0.8593205020821622,-0.8447935443695761,0.47086522844758677,0.45490383979908794,0.45461304606437114,0.9587387503503431,-0.8450064272282842,0.8466577776467547,-0.8201473795519133,0.47089088625999603,0.9335569360914678,0.45454695657920824,-0.845500703029214,0.475794726059084,-0.9591352866061492,-0.786162160734271,-0.9754973233758509,-0.9767926772850439,0.8472454683202832,0.4513250941775164,0.9291835814175966,0.9330564188493027,0.8757418544709537,-0.8452897275642236,0.4550095829753486,0.45190668164694997,0.7812583128328567,0.8063921855674637,0.9238105151514242,-0.9994250214790826,0.4515035357874562,-0.9889234022866962,-0.8466558720507568,0.8498763302563807,0.8206100059480537,0.9339420164872696
-0.8220309298835443,-0.670293883904629,-0.8219317956557994,0.6296047848821633,-0.6732844380493593,0.7944980503645255,0.9537074671451561,-0.840639813364133,0.9293219019999895,0.8408149507891834,0.9262342211404744,-0.9537091958726848,0.7816151966423937,1.0,-0.7815491070480349,-0.9993853657569419,0.6507093077434001,0.6732844380493593,-0.8217863987884402,0.999542329560431,-0.6276154913787488,0.9535091980344922,-0.646115005808505,0.6625614013646631,0.7810336082120373,0.8097528414406027,0.8503828246078402,0.8097462324811668,-0.9289352765953954,-0.8412827969116052,0.8630918746013965,0.6697783850686312,-0.8398023924439479,0.9538678108991456,0.627417222923259,0.6568270438209147,-0.6700229165677584,0.878570083173892,-0.9111472034934294,-0.999542329560431,-0.8238894056739249,-0.7918280351639293,-0.9994101503717137,0.8406265954452612,0.7907045139161537,0.8724501766247328,-0.7918128210519383,0.8402121472519603,0.9288048668457698,0.9999933910296446,-0.8237096028066914,-0.9538810288180173,0.8721333685858204,0.6730068617530529,0.6293206000959612,-0.8416245483200773,-0.8216938735092116,0.999439890689175,0.9311378333812483,-0.951652077364607,-0.8053526050908899,0.9294858238105073,0.6293272090444775,-0.8097528414406027,0.9275755983596535,0.6699414114777988,-0.8219251867072831,-0.8220639746261259,0.6703500600598338,0.6698114298658105,-0.8413819311393502,-0.8057015493064155,-0.7866380058136535,0.9537272940562225,0.6701154419998605,-0.9994035414122778,0.6731456499012061,-0.9265578169249122,-0.8052058773487253,0.9995885922764821,0.6415746506760635,0.6461216147679408,-0.8238483907255343,0.9995968528083168,0.8044458470136004,-0.8414149758819318,0.9148470028468427,-0.9295318535848708,0.6507126122285779,0.6732910470087952,0.673000252793617,0.8220639746261259,-0.9293219019999895,0.9275758376892888,-0.9542246947086824,0.6507346684541769,0.840639813364133,0.672953990077566,-0.9288048668457698,0.6461083968490691,-0.8216740466636626,-0.9938470485990635,-0.8052124863081612,-0.803970001934218,0.927040271760861,0.6697122954742726,0.8450102438748138,0.8411241821472134,0.9052258694511554,-0.9289637168777175,0.6731720857389496,0.670293883904629,0.999643115600805,0.9684124261860624,0.8503767100700714,-0.7813640561838306,0.669937000095092,-0.7918392568896818,-0.9276236329793128,0.9243110171222232,0.9537620675481717,0.8402385830460256
0.958798230788714,0.45199920692617807,0.9588973648526655,-0.49221384539449015,0.4549633203357346,-0.9873620590819453,-0.8205981438748625,0.933490846606305,-0.8449403375247292,-0.9332991870993325,-0.8479333026029309,0.8205901791025048,-0.999933910514837,-0.7815491070480349,1.0,0.7813838830621382,-0.4708090522923819,-0.4549633203357346,0.9590427614797944,-0.781220672790959,0.4941568730479399,-0.8207964126579385,0.47576168131650254,-0.4586081554424691,-0.9993258872513383,-0.9710759368184522,-0.9237970454659451,-0.9710825457669685,0.8453071353794595,0.9328449328462061,-0.911107843349078,-0.4513250941775164,0.9343187259302853,-0.82043817328663,-0.4943088786126656,-0.46396063716830693,0.45175467583107526,-0.8956032245125312,0.8655272801821103,0.781220672790959,0.95703853016985,0.9889482041051696,0.7813726786068337,-0.9335040645033376,-0.9835420931510134,-0.9017495567878886,0.9889729694005683,-0.9339023628616889,-0.8454346134348554,-0.7815424980885991,0.9571658232023122,0.8204249553895975,-0.9020142389572834,-0.4546857444980504,-0.49249802971115114,0.9325556803912497,0.9592212027949072,-0.7813198070187033,-0.8433329643342492,0.8227196198537762,0.9754328455383836,-0.8447213589309016,-0.4924914207735544,0.9710759368184522,-0.8466440530116192,-0.4514282787466983,0.9589039737902623,0.9588048397263108,-0.4520388606172758,-0.45133831207454894,0.9327457987822545,0.9750875685678408,0.9942502147908268,-0.8205783169965548,-0.451794329522173,0.7813594607098011,-0.4551021082545767,0.8476618327647429,0.9755700218095301,-0.7812471085850241,-0.48024915735906415,-0.47575507236798625,0.9570666891383608,-0.7812583128328567,-0.976382922477034,0.9327061451566739,-0.8592544127061944,0.8447274547752174,-0.4707991388532281,-0.4549699292842509,-0.45467913554953404,-0.9588048397263108,0.8449403375247292,-0.8465916882707869,0.8200812900667503,-0.47082479677483313,-0.933490846606305,-0.45461304606437114,0.8454346134348554,-0.4757286365739211,0.9592013759821169,0.7860729397818867,0.9755634128610138,0.9768587667702069,-0.8471793787259245,-0.4513911836626793,-0.929117492041629,-0.9329903294733349,-0.8758079439561166,0.845223638188256,-0.45507567246051156,-0.45199920692617807,-0.7813244024272155,-0.806326095973105,-0.9237444257754566,0.9994911109642456,-0.4514374463022933,0.9889894917718591,0.8465897825655938,-0.8498102408804129,-0.8205439164628907,-0.9338759271113019
0.82263234419853,0.6706177229169865,0.8225332099707852,-0.6290033705671775,0.6735818412239734,-0.7950994646795112,-0.953092832902098,0.8400251801365972,-0.9287072667414041,-0.8402003175616477,-0.925619588928456,0.953094562645149,-0.7813177934677795,-0.9993853657569419,0.7813838830621382,1.0,-0.6500418017374983,-0.6735818412239734,0.822387813103426,-0.9998397327350451,0.627014077063763,-0.9528945637914341,0.6455135904998409,-0.661959986055999,-0.7807097691996797,-0.8103542567492666,-0.8497681903647821,-0.8103476477898308,0.92832064133681,0.8406681646995868,-0.8624772403583384,-0.6699436090545279,0.8391877602319295,-0.9532531776716099,-0.6268158086082732,-0.656225629505929,0.6703731914178593,-0.8779554489308338,0.910426824534442,0.9998397327350451,0.8244908209825889,0.792429449478915,0.9999719119237624,-0.8400119622177254,-0.7900898817041352,-0.8718355423816746,0.7924142363606024,-0.8395975150399418,-0.9281902326027116,-0.9993919747272973,0.8243110171216772,0.9532663955904815,-0.871518736373802,-0.6733042649276669,-0.6287191857809754,0.8410099150925415,0.8222556341330994,-0.9999421716063011,-0.9303249300275264,0.9509581354772834,0.805954021393237,-0.9288711915984889,-0.6287257947294917,0.8103542567492666,-0.9269609641165955,-0.6697827961892677,0.8225266010222688,0.8226653889411117,-0.6706606811533197,-0.6699105642573486,0.8407672989273317,0.8063029646150794,0.7868693193939089,-0.9531126598131644,-0.6704128451744745,0.9999785208831983,-0.6737206293721266,0.925943182681854,0.8058072926573894,-0.999793470018994,-0.6409732353673995,-0.6455201994592769,0.82444980504052,-0.9997885129486251,-0.8050472623222645,0.8408003436699134,-0.9142323706348242,0.9289172193418126,-0.6500451062226761,-0.6735884501834093,-0.6732976559682311,-0.8226653889411117,0.9287072667414041,-0.9269612054772703,0.9536100614811467,-0.6500671635511542,-0.8400251801365972,-0.6732315663738724,0.9281902326027116,-0.6455069815404051,0.8222754609786485,0.9931630201672731,0.8058139016168252,0.804571417242882,-0.9264256375178029,-0.6700096986488866,-0.8443956116627953,-0.840509549935195,-0.9058272847598193,0.928349084665699,-0.6736941935343832,-0.6706177229169865,-0.9997422501561369,-0.9677317022394496,-0.849762077858053,0.7815953697640861,-0.6697717761091954,0.7924406721983458,0.9270089997517771,-0.9236963849102047,-0.953147434320636,-0.8396239508340072
-0.4692849117730995,-0.9797980632457747,-0.46918577754535457,0.9823904566837061,-0.9764572342509432,0.45411076597961236,0.6536998668292473,-0.5402692159633571,0.6303976789266366,0.5404179175506642,0.6268091996597569,-0.6537153091597535,0.47087514188674057,0.6507093077434001,-0.4708090522923819,-0.6500418017374983,1.0,0.9764572342509432,-0.4690205538324464,0.6501993427398716,-0.980268984209965,0.6532372389043649,-0.9978702628231564,0.9924013488899753,0.47152942887089155,0.4578587962777981,0.5514458774895166,0.4578521873183622,-0.6299053098216407,-0.5407276452345958,0.5646770361411544,0.9805184398242843,-0.5396173418838529,0.6539928854560599,0.9799781904752467,0.9972143282058279,-0.9800888574609529,0.5793489503302833,-0.6066648271677064,-0.6501993427398716,-0.47130141977035406,-0.45590839997605337,-0.6500539456322825,0.5402559980444854,0.4904533738708953,0.5731365181961476,-0.4559256756428066,0.539881699824506,0.6297489582610477,0.6507026987730447,-0.47105610997547515,-0.6540061033749317,0.5728074813328479,0.9767612463849932,0.9820666182064061,-0.5409895925418667,-0.46884211222250555,0.6500969038686156,0.6321281875890146,-0.6510364517759956,-0.4535306771881475,0.6306423897992266,0.9820732271549224,-0.4578587962777981,0.6283676834567559,0.9806951975916912,-0.4691791685968382,-0.46927830282458316,0.9797617139688773,0.9805514846214636,-0.5408267794623408,-0.45376124142755975,-0.46164242555483265,0.6537461296217356,0.9800492037043377,-0.6500605545917183,0.9763184461027901,-0.6271846777631279,-0.45345062033407396,0.6502456054559226,0.9934686958388681,0.9978768717825922,-0.47121472473986703,0.6502400708481623,0.4529615573358197,-0.5408598242049224,0.6125669156070719,-0.6306477782293908,0.9999900865444667,0.9764506252915074,0.976767855344429,0.46927830282458316,-0.6303976789266366,0.6284085652007081,-0.6545943007647239,0.9999719119237624,0.5402692159633571,0.9768537718170953,-0.6297489582610477,0.9979033076203356,-0.4688222853769566,-0.6607218978319273,-0.45345722929350984,-0.4524724943375655,0.6277398312729868,0.9804523502299256,0.544851629108784,0.540608684161302,0.5519703786445619,-0.6299748859990776,0.9763448819405335,0.9797980632457747,0.6502863336406505,0.6674861789907441,0.5515002313162091,-0.4704984311988961,0.9807034906884886,-0.455905848764499,-0.6284162124392498,0.6244696318849771,0.6538276614701632,0.5399081356185713
