1.0,0.49445178772057363,0.999976868680193,-0.4514367004224316,0.4957372282069923,-0.9610849231971957,-0.7780107428291254,0.8634709148929324,-0.7906800762021297,-0.8633651718913841,-0.7942555114419811,0.7780107428291254,-0.9569393959421056,-0.8209556193329238,0.9569442815165422,0.8221914906635195,-0.4641431498248629,-0.4957372282069923,0.9998859958278207,-0.8219945806622166,0.4515729297468773,-0.7780371785795125,0.4610989671889064,-0.49344722754609743,-0.9568733064569427,-0.9968177912894058,-0.8274767034564801,-0.9968111823408896,0.7906846870662878,0.8634378702049486,-0.8266770206860089,-0.49437908928689445,0.8637088366464161,-0.7778368911506179,-0.45466847090725115,-0.4902377730530565,0.49443856982354106,-0.8266505848919437,0.7916033309100522,0.8219945806622166,0.9966608342805978,0.9610849231971957,0.822178272788326,-0.863484132768126,-0.9540479809662282,-0.8266704117374926,0.9610717053220021,-0.8637069592227876,-0.7907197298277103,-0.8209668891679334,0.9997521644306391,0.7778368911506179,-0.8296661990854641,-0.4954199986782103,-0.4513250941775164,0.8603430044279955,0.9968310091864384,-0.8221650549131324,-0.7906252065296412,0.7780371785795125,0.99027660056212,-0.7935417461815302,-0.4513309574208833,0.9968177912894058,-0.7911605313594607,-0.49363227810455357,0.9999454762661916,0.9969499702597316,-0.4913819311347565,-0.4943526534928293,0.8633519540161906,0.9902832094997167,0.9576399444848325,-0.7780041338915287,-0.49443856982354106,0.8221716638507292,-0.4959148504486802,0.7912067939990748,0.9902171201237491,-0.8219681448681515,-0.4545073028881105,-0.46110557612650316,0.996733521800187,-0.8218147812205037,-0.9872083801467186,0.8633453450785938,-0.7942819471923682,0.7906252065296412,-0.46415636772189545,-0.49574383715550857,-0.495413389729694,-0.9969499702597316,0.7906800762021297,-0.7942092488788038,0.7778302822021016,-0.46113201187689024,-0.8634709148929324,-0.49539356288414516,0.7907197298277103,-0.4641167140307977,0.9968376181349548,0.8209291835825367,0.9902237290613458,0.9872083801467186,-0.7912067939990748,-0.49438569823541073,-0.8357860753000712,-0.8633519540161906,-0.9479199195044339,0.7937400143094333,-0.4959082415110835,-0.49445178772057363,-0.8217817365325198,-0.7903125872599962,-0.8309747687296242,0.9576201176392836,-0.4936256691560373,0.9580629171898751,0.7911955733346776,-0.7942621203795779,-0.7778435000991343,-0.8636163115200612
0.49445178772057363,1.0,0.4944220474522503,-0.9569741640120061,0.9925847597647214,-0.4555474596076213,-0.6302084624150059,0.5332950014960001,-0.6052729408624002,-0.5334007444975483,-0.6075662422084788,0.6302084624150059,-0.4514506641993259,-0.6652953121162473,0.45145471458444175,0.6662205633797947,-0.973590641728901,-0.9925847597647214,0.4943485322382462,-0.666327407309497,0.9566486022073888,-0.6301820266646189,0.970535703960574,-0.9989359592888771,-0.4513250941775164,-0.49126957900997953,-0.5784944815279889,-0.49126297006146324,0.60504262771793,0.5333280461839839,-0.5802788976273875,-0.9998678210296742,0.5330570797425164,-0.6303846408036481,-0.9594657334859875,-0.9957752366426309,0.9999867821029674,-0.5803053334214526,0.6041305928226819,0.666327407309497,0.4918503538266679,0.4555474596076213,0.6662337812549883,-0.5332817836208065,-0.45979446170114335,-0.5802855065759037,0.45553424173242774,-0.533061264952746,-0.605081281672094,-0.6653063247637301,0.49467649197012753,0.6303846408036481,-0.5833775306043079,-0.9929284250875686,-0.9568733064569427,0.5303549005353249,0.4912827969070121,-0.6662469991301818,-0.6051219351001256,0.6301820266646189,0.4808398637904524,-0.6081478287169944,-0.9568618120728609,0.49126957900997953,-0.6045337386821756,-0.9990813561562355,0.4944080126766171,0.49138854008327276,-0.9969466657854735,-0.9998413852356091,0.5334139623727419,0.4808464727280492,0.45239574383715553,-0.6302150713526027,-0.9999867821029674,0.6662403901925851,-0.992497203594634,0.6044808670940454,0.4807803833520815,-0.6662976670411738,-0.9600555151675368,-0.9705423128981707,0.49177267162295596,-0.6661148203782464,-0.4777608882426806,0.5334205713103386,-0.6075265885828982,0.6051219351001256,-0.9736038596259335,-0.9925781508162052,-0.9929350340360849,-0.49138854008327276,0.6052729408624002,-0.6076191137092529,0.6303912497521644,-0.9705687486485578,-0.5332950014960001,-0.9929548608816338,0.605081281672094,-0.9735642059348357,0.4912894058555284,0.6652688763658602,0.48078699228967825,0.4777608882426806,-0.6044808670940454,-0.9998744299781904,-0.5684545495108058,-0.5334139623727419,-0.5416817433062986,0.6080817393410267,-0.9925038125322307,-1.0,-0.6660883846278594,-0.6472319199531668,-0.5811172739462133,0.4523759169916066,-0.9990747472077193,0.45251470491044876,0.6045723934771429,-0.607559633270882,-0.6303780318551319,-0.5331496048688711
0.999976868680193,0.4944220474522503,1.0,-0.45141026467204454,0.4957107924129271,-0.9611113589475828,-0.7780305696419157,0.8634973506433195,-0.7906932940773232,-0.8633916076417711,-0.7942819471923682,0.7780305696419157,-0.9569691362104289,-0.8209291835825367,0.9569740218340037,0.8221650549131324,-0.46411340955653957,-0.4957107924129271,0.9999124315782077,-0.8219681448681515,0.45159275659242615,-0.7780570053923028,0.46107253143851934,-0.4934174872777741,-0.956903046725266,-0.9968475315577292,-0.8275064437248034,-0.9968409226092129,0.7907144273346111,0.8634643059553356,-0.8267067609543322,-0.49434934901857114,0.8637352723968031,-0.7778567179961668,-0.4546816887824447,-0.4902113373026694,0.49440882955521775,-0.826680325160267,0.7916330711783756,0.8219681448681515,0.9966476164054043,0.9611113589475828,0.8221518370379389,-0.863510568518513,-0.9540711122860352,-0.8267001520058159,0.9610981410723892,-0.8637333950168529,-0.7907461655780974,-0.8209404533738682,0.9997323375850902,0.7778567179961668,-0.8296926348358512,-0.49539356288414516,-0.4513482254973234,0.8603727446963189,0.9968607494547618,-0.8221386191627453,-0.7906417289009319,0.7780570053923028,0.990303036312507,-0.7935549640567238,-0.45135078423367364,0.9968475315577292,-0.791190271627784,-0.49360253783623026,0.9999851298917721,0.9969532747339899,-0.4913554953406913,-0.494322913224506,0.8633783897665777,0.9903096452501038,0.9576696847531557,-0.778023960704319,-0.49440882955521775,0.8221452281003421,-0.49588841469829315,0.791236534267398,0.9902435558741361,-0.8219417090740863,-0.45447756261978717,-0.4610791403761161,0.9967203038813153,-0.8217883454701166,-0.987238120415042,0.8633717808289809,-0.7943083829427553,0.7906417289009319,-0.46412662745357214,-0.4957174013614434,-0.4953869539356288,-0.9969532747339899,0.7906932940773232,-0.7942356846291908,0.7778501090476505,-0.46110557612650316,-0.8634973506433195,-0.49536712709007996,0.7907461655780974,-0.4640869737624744,0.996867358403278,0.8209027478321498,0.9902501648117329,0.987238120415042,-0.791236534267398,-0.4943559579670874,-0.8358125110504583,-0.8633783897665777,-0.9478934837540468,0.7937664500598204,-0.4958818057606964,-0.4944220474522503,-0.8217553007821328,-0.7902828469425348,-0.8310012044800112,0.9576498579076069,-0.493595928887714,0.9580926574581984,0.7912220090850647,-0.794288556129965,-0.7778633269446831,-0.8636427472704483
-0.4514367004224316,-0.9569741640120061,-0.45141026467204454,1.0,-0.9557019435246282,0.49012130684916116,0.6732150115160548,-0.5877351538723353,0.6605523080024188,0.5878408966991716,0.6569504429633105,-0.6732150115160548,0.4942824428622785,0.6304816916208723,-0.49427995506184874,-0.6292458223322241,0.9872827518307841,0.9557019435246282,-0.4513202983269502,0.6294451301225792,-0.999648074074337,0.6731885758093457,-0.9903377491978416,0.9579787225267148,0.4943485322382462,0.45440411340338044,0.6237449214453669,0.4544107223409772,-0.6605368770465743,-0.5877681985057217,0.6245446028945758,0.9570468623255705,-0.5874972325119538,0.6733846517346913,0.9965501402744688,0.9611989914777891,-0.9569873818871996,0.6245710386449629,-0.6596182347206235,-0.6294451301225792,-0.45476354912580425,-0.49012130684916116,-0.6292590401855787,0.5877219360189808,0.49716393965446937,0.6245512118321725,-0.4901345247025157,0.5875015076646911,0.6604994365890008,0.6304728199188766,-0.45167462217591525,-0.6733846517346913,0.6215398138265354,0.956019172529273,0.9998859958278207,-0.5908786747766396,-0.45437767765299336,0.6292722580389332,0.6606095753601388,-0.6731885758093457,-0.4609296777156906,0.6576774248978094,0.9998876482464866,-0.45440411340338044,0.660061033539607,0.9577936722740052,-0.4513797786670456,-0.454417331278574,0.9600572334008983,0.9570732980759575,-0.5878541145525261,-0.46092306878901335,-0.49358189547702114,0.673221620442732,0.9569873818871996,-0.6292656491122559,0.9555219234620201,-0.6600147709764296,-0.46098915805578594,0.6294715658729663,0.9969185828468718,0.9903311402711643,-0.4546956579233073,0.6296225311528282,0.4640135086690811,-0.5878607234792034,0.6569240072566015,-0.6606095753601388,0.9872695339555905,0.9556953345870314,0.9560257814668698,0.454417331278574,-0.6605523080024188,0.6569967054500514,-0.673391260672288,0.9903047045644552,0.5877351538723353,0.9560456082796601,-0.6604994365890008,0.9873091875811711,-0.45437106871539656,-0.6305081273275813,-0.4609825491291087,-0.4640135086690811,0.6600147709764296,0.9570402533879737,0.61541994772339,0.5878541145525261,0.5035176012239733,-0.6574659392441371,0.9555285323886974,0.9569741640120061,0.6296555757862144,0.6611162514080111,0.6202312463444374,-0.4936017222898114,0.957800281211602,-0.49315892347082796,-0.6600235938682378,0.6569438340366333,0.6733780427970945,0.5875897574854356
0.4957372282069923,0.9925847597647214,0.4957107924129271,-0.9557019435246282,1.0,-0.45679985328220885,-0.6289164151148378,0.5259689941699827,-0.6037760164967323,-0.526074737171531,-0.6002270170072679,0.6289164151148378,-0.45895842971383255,-0.6727534981941999,0.45896249250358806,0.673546570705812,-0.9662679267728504,-1.0,0.49562075272562406,-0.6737426475447756,0.9553499438239376,-0.6288899793644507,0.9692833102859865,-0.9914678474654682,-0.45874033441279494,-0.49861212081157885,-0.5771462560306655,-0.49860551186306257,0.6038133632938999,0.5260020388579665,-0.579109113740004,-0.9923600555151675,0.5257310724164991,-0.629085982420197,-0.9522256423487282,-0.9945228429680434,0.9925715418676888,-0.5791355495340691,0.6035688321987972,0.6737426475447756,0.49909044496392724,0.45679985328220885,0.6735597885810056,-0.5259557762947892,-0.4519661621835966,-0.5791157226885203,0.4567866354070153,-0.5257352455224373,-0.6037231449959581,-0.6727645231643645,0.49597515035357875,0.629085982420197,-0.5760515232782906,-0.999682770471218,-0.9555878659705241,0.5291652898023924,0.4986253387086115,-0.6735730064561991,-0.6038860617275792,0.6288899793644507,0.48209225746504,-0.6009275643925254,-0.9555895915854832,0.49861212081157885,-0.6033903905888574,-0.9915207190535986,0.49568023316399495,0.4987442997819047,-0.9956645297733131,-0.9923336197211023,0.5260879550467246,0.4820988664026367,0.4599795122595995,-0.6289230240524346,-0.9925715418676888,0.6735663975186024,-0.9998232109206513,0.6033441279492433,0.482032777026669,-0.6737228206992267,-0.9527129733659375,-0.9692899192235832,0.49902270012410344,-0.6736556181761587,-0.48508360319873106,0.5260945639843213,-0.6002005812568808,0.6038860617275792,-0.966281144669883,-0.9999933910514837,-0.9996761615227018,-0.4987442997819047,0.6037760164967323,-0.6002732795704453,0.6290925913687132,-0.9693163549739703,-0.5259689941699827,-0.9996563346771529,0.6037231449959581,-0.9662414909787853,0.49863194765712776,0.6727270624438129,0.4820393859642658,0.48508360319873106,-0.6033441279492433,-0.9923666644636838,-0.5610888885592078,-0.5260879550467246,-0.5490077506323159,0.6007160783894288,-0.9998298198582481,-0.9925847597647214,-0.6736225734881749,-0.6399091928982247,-0.5736326521178735,0.45995638093979246,-0.9915141101050823,0.45983741986649923,0.603300172989765,-0.6002204080696711,-0.6290793734716806,-0.5258235975428538
-0.9610849231971957,-0.4555474596076213,-0.9611113589475828,0.49012130684916116,-0.45679985328220885,1.0,0.8169062953331064,-0.9198733729648636,0.8420136077800285,0.9197676301380274,0.8456154728191368,-0.8169062953331064,0.9958413260185986,0.7820243803305125,-0.9958462758629482,-0.7832536406924834,0.47955112095908264,0.45679985328220885,-0.9611989914777891,0.7830566666842578,-0.4904756948065402,0.8169327310398155,-0.47655978930741755,0.45454290109291257,0.9957752366426309,0.9582364710929887,0.8685597968424438,0.9582430800305854,-0.842031521329017,-0.9198403283314773,0.8667886015665099,0.45547476129405684,-0.9201112943252451,0.8167391171461859,0.4935711665746924,0.4513202983269502,-0.45553424173242774,0.8667621658161229,-0.8429501636549678,-0.7830566666842578,-0.957755740678935,-1.0,-0.7832404228391288,0.9198865908182182,0.9940304771170841,0.8667819926289132,-0.9999867821466455,0.9201095100972342,0.8420664791934466,0.7820355858255571,-0.960847001443712,-0.8167391171461859,0.8697909266045648,0.456482624277564,0.4902377730530565,-0.9167323429852857,-0.9582100353426016,0.7832272049857743,0.8419588230154526,-0.8169327310398155,-0.9747076376061146,0.8448884908846379,0.49023365860267465,-0.9582364710929887,0.8425073648359843,0.45472795134562205,-0.9611395111376937,-0.9581042923410533,0.45246439021872903,0.45544832554366976,-0.9197544122846729,-0.9747010286794373,-0.996541873403856,0.8168996864064292,0.45553424173242774,-0.7832338139124515,0.45697753956268733,-0.8425536273991617,-0.97476711794621,0.7830302309338707,0.4930862251572635,0.4765531803807403,-0.9578282995227763,0.7828769318718793,0.9717451395407825,-0.9197478033579957,0.8456419085258459,-0.8419588230154526,0.4795643388342762,0.4568064622198056,0.4564760153399672,0.9581042923410533,-0.8420136077800285,0.845569210332396,-0.8167325082085891,0.4765267446740312,0.9198733729648636,0.4564561885271769,-0.8420664791934466,0.4795775567094697,-0.9582166442801984,-0.7819979446238033,-0.9747605090195327,-0.9717451395407825,0.8425536273991617,0.45548137023165364,0.8846544027017292,0.9197544122846729,0.9077922549988269,-0.8450999765383103,0.4569709306360101,0.4555474596076213,0.7828438872384931,0.8059117044522224,0.8720710063082205,-0.9965220465910657,0.4547213424080253,-0.9969648454100491,-0.8425423219142095,0.8456220817458141,0.8167457260837827,0.9200187693517634
-0.7780107428291254,-0.6302084624150059,-0.7780305696419157,0.6732150115160548,-0.6289164151148378,0.8169062953331064,1.0,-0.9145201423562807,0.9873372964863641,0.9146258851831168,0.9837354314472558,-1.0,0.8210481444592787,0.9562224696898101,-0.8210461965546115,-0.9549733825478073,0.6605170502337839,0.6289164151148378,-0.7781052868108955,0.9551732285168868,-0.673563093049804,0.999973564293291,-0.6635527607138962,0.6312130209297147,0.8211142338352463,0.7811698150003805,0.9505106230423669,0.7811764239379773,-0.9873025786435744,-0.9145531869896669,0.9513103044915758,0.6302811607285704,-0.9142822209958992,0.9998265153894498,0.670809362205531,0.6344140029938438,-0.6302216802901994,0.9513367402419629,-0.9863839363176237,-0.9551732285168868,-0.7805175450480965,-0.8169062953331064,-0.9549998182545164,0.9145069245029261,0.8242138255681305,0.9513169134291726,-0.8169195131864609,0.9142870360744816,0.987284425072946,0.9562141361883777,-0.7777596032004482,-0.9998265153894498,0.9483248023104808,0.6292336441194827,0.6733119534211268,-0.9176443763736397,-0.781156597125187,0.9549998182545164,0.9873752769571388,-0.999973564293291,-0.7877146661996358,0.9844624133817548,0.6733009275628592,-0.7811698150003805,0.9868267351366071,0.6310279706770051,-0.7780458064708001,-0.7810475496548404,0.6332717049911079,0.6303075964789574,-0.9146391030364713,-0.7877080572729586,-0.8203475970740212,0.9999933910733227,0.6302216802901994,-0.9549932093278392,0.6287369349780749,-0.9867804725734297,-0.7877741465397312,0.9551996642672739,0.6701528812498717,0.663546151787219,-0.7805829092633987,0.9553633092217658,0.7907792102660812,-0.9146457119631486,0.9837089957405467,-0.9873752769571388,0.6605038323585904,0.6289230240524346,0.6292402530570794,0.7810475496548404,-0.9873372964863641,0.9837816939339966,-0.9998199064518529,0.66351971608051,0.9145201423562807,0.6292600798698698,-0.987284425072946,0.660543485984171,-0.7811499881875902,-0.9562489053965191,-0.787767537613054,-0.7907792102660812,0.9867804725734297,0.6302745517909736,0.9422049362073353,0.9146391030364713,0.8292583792929109,-0.9842509277280823,0.6287435439047522,0.6302084624150059,0.9553963538551522,0.9868779327262922,0.9470162348283827,-0.8203674238868115,0.631034579614602,-0.819924625067828,-0.986808582352183,0.9837288225205786,0.9998331243270465,0.9143747459693808
0.8634709148929324,0.5332950014960001,0.8634973506433195,-0.5877351538723353,0.5259689941699827,-0.9198733729648636,-0.9145201423562807,1.0,-0.9517416174026258,-0.9998678214664547,-0.9552906110283159,0.9145201423562807,-0.9178095998135589,-0.8532157384979893,0.9178078117821572,0.8520261316960819,-0.5676086054984194,-0.5259689941699827,0.8635851444546149,-0.8522258075720317,0.5880897031108034,-0.9145465780629897,0.5645906926485604,-0.5345044370762085,-0.9180276947542522,-0.8605960270383384,-0.979477596529001,-0.8606026359759351,0.951706840747382,0.9999801732199682,-0.978625043579018,-0.5335197053742902,0.9997620786396185,-0.9143531254504492,-0.5912114493045757,-0.5314469253620866,0.5333082193711935,-0.978598607828631,0.9519513714384623,0.8522258075720317,0.8601154579490518,0.9198733729648636,0.8520525674027909,-0.9999867821466455,-0.9295536819230156,-0.9786184346414212,0.9198865908182182,-0.999760426013482,-0.9517944888160438,-0.8532072348051517,0.8632329931394488,0.9143531254504492,-0.9816800552506271,-0.5262862231746276,-0.5878517813573199,0.9968062309077268,0.8605828091631448,-0.8520525674027909,-0.9516341424338175,0.9145465780629897,0.8866767342649717,-0.9545900648005261,-0.5878475056258489,0.8605960270383384,-0.9521298127535751,-0.5343193868234991,0.8635256641145195,0.860463848286403,-0.5303044572334625,-0.5335461411246772,0.9998810393198093,0.8866701253382945,0.9170561809275273,-0.9145135334296034,-0.5333082193711935,0.8520459584761136,-0.5257896841263494,0.9521760753167524,0.886736214605067,-0.8522522433224188,-0.590726669211914,-0.5645840837218832,0.860187694142559,-0.8523169244698815,-0.8836876550014457,0.999874430393132,-0.955317046735025,0.9516341424338175,-0.5675953876232259,-0.5259756031075795,-0.5262928321122243,-0.860463848286403,0.9517416174026258,-0.9552443485415751,0.9143465165128525,-0.564557648015174,-1.0,-0.5263126589250147,0.9517944888160438,-0.5676350412488065,0.860576200225548,0.8532421742046983,0.8867296056783898,0.8836876550014457,-0.9521760753167524,-0.5335130964366933,-0.9892538852227704,-0.9998810393198093,-0.7959031263527647,0.9548015504541985,-0.5257962930530268,-0.5332950014960001,-0.8523499691032678,-0.8939693344837653,-0.9825392157186712,0.9170760077403176,-0.5343259957610959,0.916838085986834,0.9522174601233887,-0.9552972199549932,-0.914359734388046,-0.9996695536661369
-0.7906800762021297,-0.6052729408624002,-0.7906932940773232,0.6605523080024188,-0.6037760164967323,0.8420136077800285,0.9873372964863641,-0.9517416174026258,1.0,0.9518473602294619,0.9964179617409235,-0.9873372964863641,0.8459902749494811,0.9311283750962425,-0.8459883682552302,-0.9298330254674989,0.6363679922551937,0.6037760164967323,-0.7907679903245314,0.9300328298987813,-0.6609003686143965,0.9873637321930732,-0.6391790391281504,0.6063237619402864,0.846049755387852,0.7936078355574979,0.975888943413956,0.7936144444950947,-0.9998727779526271,-0.951774662036012,0.9760475579162785,0.605339030238368,-0.9515036960422443,0.9871637909540423,0.6583845800522766,0.6093066905469218,-0.6052861587375938,0.9760739936666656,-0.9988550015627248,-0.9300328298987813,-0.7929423272013508,-0.8420136077800285,-0.929859461174208,0.9517283995492712,0.8502464307617996,0.9760541668538752,-0.842026825633383,0.9515085726194789,0.9999074750265183,0.9311200001334496,-0.7904223276358557,-0.9871637909540423,0.9732735005171486,0.6040932455013772,0.6606426200481226,-0.9546412090403469,-0.7935946176823043,0.929859461174208,0.9999454762661916,-0.9873637321930732,-0.8120883877853817,0.9972572954289358,0.6606250061958687,-0.7936078355574979,0.9993044093193051,0.6061254938123833,-0.790708509984436,-0.7934855702119576,0.6081114795602122,0.6053654659887551,-0.9518605780828164,-0.8120817788587045,-0.8452434650010463,0.9873306875596869,0.6052861587375938,-0.9298528522475308,0.6035965778977666,-0.9992581467561277,-0.8121478681254771,0.9300592656491684,0.6577148606927543,0.6391724302014732,-0.7930374727424171,0.9302229521414574,0.8149282682446715,-0.9518671870094937,0.9963915260342144,-0.9999454762661916,0.6363547743800002,0.6037826254343291,0.604099854438974,0.7934855702119576,-1.0,0.9964642242276643,-0.9871571820164454,0.6391459944947641,0.9517416174026258,0.6041196812517643,-0.9999074750265183,0.6363944280055808,-0.7935880087447076,-0.9311548108029516,-0.8121412591987999,-0.8149282682446715,0.9992581467561277,0.6053324213007711,0.9708017619398521,0.9518605780828164,0.8043096810862432,-0.9970259829952317,0.6036031868244438,0.6052729408624002,0.9302559967748438,0.9627288348476328,0.9725861721427131,-0.8452699007514334,0.6061321027499801,-0.8448072751196596,-0.9993391073322737,0.9964113528142462,0.987170399891639,0.9515962210157259
-0.8633651718913841,-0.5334007444975483,-0.8633916076417711,0.5878408966991716,-0.526074737171531,0.9197676301380274,0.9146258851831168,-0.9998678214664547,0.9518473602294619,1.0,0.9553963538551522,-0.9146258851831168,0.9177038568120106,0.8533214813248254,-0.917702068605896,-0.852131874522918,0.5677143484999677,0.526074737171531,-0.8634794016277786,0.8523315505735799,-0.5881954461123517,0.9146523208898258,-0.5646964354753966,0.5346101800777568,0.917921951752704,0.8604902840367901,0.9795833395305493,0.8604968929743868,-0.9518125837489302,-0.9998942571731638,0.9787307865805662,0.5336254483758384,-0.9996563358127823,0.9144588684519975,0.5913171921314119,0.5315526681889228,-0.5334139623727419,0.9787043508301791,-0.9520571144400106,-0.8523315505735799,-0.8600097151222156,-0.9197676301380274,-0.8521583102296272,0.9998810393198093,0.9294479389214673,0.9787241776429695,-0.9197808479913819,0.9996645964183289,0.9519002316428801,0.8533129778067,-0.8631272501379005,-0.9144588684519975,0.9817857980774632,0.5263919661761759,0.5879575243588682,-0.996911973909275,-0.8604770661615965,0.8521583102296272,0.9517398854353658,-0.9146523208898258,-0.8865709914381354,0.9546958076273623,0.587953248452685,-0.8604902840367901,0.9522355557551234,0.5344251298250473,-0.8634199212876833,-0.8603581052848547,0.5304102002350107,0.5336518841262254,-0.9999669553666137,-0.8865643825114582,-0.9169504379259791,0.9146192762564396,0.5334139623727419,-0.8521517013029499,0.5258954269531857,-0.9522818183183007,-0.8866304717782308,0.852357986323967,0.5908324122134622,0.5646898265487194,-0.8600819509662978,0.8524226672967177,0.8835819119998974,-0.9999801732199682,0.9554227895618612,-0.9517398854353658,0.5677011306247742,0.5260813461091277,0.5263985751137726,0.8603581052848547,-0.9518473602294619,0.9553500913684113,-0.9144522595144007,0.5646633908420103,0.9998678214664547,0.5264184019265629,-0.9519002316428801,0.5677407842503548,-0.8604704572239997,-0.8533479170315345,-0.8866238628515536,-0.8835819119998974,0.9522818183183007,0.5336188394382416,0.9893596280496066,0.9999669553666137,0.7957973835259284,-0.9549072932810347,0.525902035879863,0.5334007444975483,0.8524557119301039,0.8940750776600265,0.9826449585455074,-0.9169702647387693,0.5344317387626442,-0.9167323429852857,-0.9523232029502249,0.9554029627818295,0.9144654773895943,0.9997620786396185
-0.7942555114419811,-0.6075662422084788,-0.7942819471923682,0.6569504429633105,-0.6002270170072679,0.8456154728191368,0.9837354314472558,-0.9552906110283159,0.9964179617409235,0.9553963538551522,1.0,-0.9837354314472558,0.8435515769762737,0.927473638643716,-0.8435496662527054,-0.9262840318418087,0.6386084221004981,0.6002270170072679,-0.7943698553636397,0.9264838304093169,-0.6573051065617547,0.9837618671539649,-0.635577174089042,0.6087624599134938,0.8437564540417735,0.7913674057121936,0.9735361616295066,0.7913740146497903,-0.9963832589015336,-0.9553236556617023,0.9737410386950064,0.6077777282115754,-0.9550526896679344,0.9835685289014005,0.6604267383955509,0.6057048255078133,-0.6075794600836724,0.9737674744453935,-0.9965617002166464,-0.9264838304093169,-0.7909001688580766,-0.8456154728191368,-0.9263104675485178,0.9552773931749614,0.8542778826958282,0.9737476476326032,-0.8456286906724914,0.9550575721089433,0.9964708331543416,0.9274652576424369,-0.7940175896884976,-0.9835685289014005,0.976855538776225,0.6005442460119128,0.6570671848082711,-0.9523346898190749,-0.7913541878370001,0.9263104675485178,0.9963105605879692,-0.9837618671539649,-0.81569025282449,0.9992994537722101,0.657062794716824,-0.7913674057121936,0.9968062309077268,0.6085774096607843,-0.7943103750235443,-0.7912352269602582,0.6045624800707478,0.6078041639619625,-0.9554095717085067,-0.8156836438978128,-0.8427981580902421,0.9837288225205786,0.6075794600836724,-0.9263038586218405,0.6000475842720763,-0.9968524934709041,-0.8157497331645854,0.926510266159704,0.6599552905380587,0.6355705651623648,-0.7909721763310649,0.9265748246156083,0.8126878383993671,-0.955416180635184,0.999973564293291,-0.9963105605879692,0.6385952042253045,0.6002336259448646,0.6005508549495095,0.7912352269602582,-0.9964179617409235,0.9999537375132591,-0.9835619199638037,0.6355441294556557,0.9552906110283159,0.6005706817622999,-0.9964708331543416,0.6386348578508851,-0.7913475788994032,-0.9275000743504251,-0.8157431242379082,-0.8126878383993671,0.9968524934709041,0.6077711192739785,0.9743904091256059,0.9554095717085067,0.8007276428271667,-0.9995109394258825,0.6000541931987535,0.6075662422084788,0.9266078692489946,0.9649692683946677,0.9761682104017897,-0.8428179849030324,0.6085840185983811,-0.8425668452743552,-0.9968938044616864,0.9999933910733227,0.9835751378389972,0.9551452146414161
0.7780107428291254,0.6302084624150059,0.7780305696419157,-0.6732150115160548,0.6289164151148378,-0.8169062953331064,-1.0,0.9145201423562807,-0.9873372964863641,-0.9146258851831168,-0.9837354314472558,1.0,-0.8210481444592787,-0.9562224696898101,0.8210461965546115,0.9549733825478073,-0.6605170502337839,-0.6289164151148378,0.7781052868108955,-0.9551732285168868,0.673563093049804,-0.999973564293291,0.6635527607138962,-0.6312130209297147,-0.8211142338352463,-0.7811698150003805,-0.9505106230423669,-0.7811764239379773,0.9873025786435744,0.9145531869896669,-0.9513103044915758,-0.6302811607285704,0.9142822209958992,-0.9998265153894498,-0.670809362205531,-0.6344140029938438,0.6302216802901994,-0.9513367402419629,0.9863839363176237,0.9551732285168868,0.7805175450480965,0.8169062953331064,0.9549998182545164,-0.9145069245029261,-0.8242138255681305,-0.9513169134291726,0.8169195131864609,-0.9142870360744816,-0.987284425072946,-0.9562141361883777,0.7777596032004482,0.9998265153894498,-0.9483248023104808,-0.6292336441194827,-0.6733119534211268,0.9176443763736397,0.781156597125187,-0.9549998182545164,-0.9873752769571388,0.999973564293291,0.7877146661996358,-0.9844624133817548,-0.6733009275628592,0.7811698150003805,-0.9868267351366071,-0.6310279706770051,0.7780458064708001,0.7810475496548404,-0.6332717049911079,-0.6303075964789574,0.9146391030364713,0.7877080572729586,0.8203475970740212,-0.9999933910733227,-0.6302216802901994,0.9549932093278392,-0.6287369349780749,0.9867804725734297,0.7877741465397312,-0.9551996642672739,-0.6701528812498717,-0.663546151787219,0.7805829092633987,-0.9553633092217658,-0.7907792102660812,0.9146457119631486,-0.9837089957405467,0.9873752769571388,-0.6605038323585904,-0.6289230240524346,-0.6292402530570794,-0.7810475496548404,0.9873372964863641,-0.9837816939339966,0.9998199064518529,-0.66351971608051,-0.9145201423562807,-0.6292600798698698,0.987284425072946,-0.660543485984171,0.7811499881875902,0.9562489053965191,0.787767537613054,0.7907792102660812,-0.9867804725734297,-0.6302745517909736,-0.9422049362073353,-0.9146391030364713,-0.8292583792929109,0.9842509277280823,-0.6287435439047522,-0.6302084624150059,-0.9553963538551522,-0.9868779327262922,-0.9470162348283827,0.8203674238868115,-0.631034579614602,0.819924625067828,0.986808582352183,-0.9837288225205786,-0.9998331243270465,-0.9143747459693808
-0.9569393959421056,-0.4514506641993259,-0.9569691362104289,0.4942824428622785,-0.45895842971383255,0.9958413260185986,0.8210481444592787,-0.9178095998135589,0.8459902749494811,0.9177038568120106,0.8435515769762737,-0.8210481444592787,1.0,0.786199216511521,-0.9999983477615059,-0.7853202278111509,0.47757583768422446,0.45895842971383255,-0.9570402533879737,0.7852157821690569,-0.49461040248496463,0.8210745802096657,-0.4807209029137106,0.45226356486682967,0.9998744299781904,0.9602141299319278,0.8727182605247505,0.9602207388804441,-0.8462097680259071,-0.917776555125575,0.8709206265283194,0.45133170312603266,-0.9180475215670425,0.8208743638887053,0.4917115661371358,0.45548137023165364,-0.4514374463022933,0.8708941907342542,-0.847068931333025,-0.7852157821690569,-0.9596177390507132,-0.9958413260185986,-0.7853070099359573,0.9178228176887524,0.9913587998149495,0.870914017579803,-0.9958545438937921,0.9180457339237328,0.8461753252021905,0.7861906020752099,-0.9567146916925517,-0.8208743638887053,0.867727070705251,0.4586147643909854,0.49438569823541073,-0.920844623620382,-0.9602009120348952,0.7852937920607638,0.8461370695922279,-0.8210745802096657,-0.9705489218357675,0.843029470906129,0.49439479480142356,-0.9602141299319278,0.8466988302161126,0.4521181679994713,-0.9569807729496028,-0.9600951688586346,0.45459652369308046,0.4513581389200978,-0.917690638936817,-0.9705423128981707,-0.9990549203621704,0.8210415355216819,0.4514374463022933,-0.7853004009983605,0.4590435875963116,-0.8467450928557266,-0.9706084022741384,0.7852455224373802,0.49111096424558853,0.4807142939761138,-0.9597002176012993,0.7853797082495217,0.9737228206992268,-0.9176840299992203,0.8435780127266608,-0.8461370695922279,0.47756261978719183,0.45896503866234883,0.4586081554424691,0.9600951688586346,-0.8459902749494811,0.8435053144130963,-0.820867754940189,0.48068785822572674,0.9178095998135589,0.4585883285969202,-0.8461753252021905,0.4776022734782896,-0.960194303086379,-0.786199216511521,-0.9706017933365416,-0.9737228206992268,0.8467450928557266,0.4513250941775164,0.8826500517987531,0.917690638936817,0.909859047884647,-0.8430625155941128,0.4590369786587148,0.4514506641993259,0.7854061439999088,0.8039369571370386,0.8699873273633456,-0.9990747472077193,0.4521247769479876,-0.9989690040314586,-0.8466643865843514,0.8435581859138704,0.8208809728372216,0.9179549964406878
-0.8209556193329238,-0.6652953121162473,-0.8209291835825367,0.6304816916208723,-0.6727534981941999,0.7820243803305125,0.9562224696898101,-0.8532157384979893,0.9311283750962425,0.8533214813248254,0.927473638643716,-0.9562224696898101,0.786199216511521,1.0,-0.7861972110280185,-0.9988103931980926,0.6409876396353346,0.6727534981941999,-0.8208386067060779,0.9990103115962489,-0.6301291551638447,0.9561960339831009,-0.6440564270159704,0.6660619488774723,0.786027384134005,0.8238833786882921,0.9045454620568455,0.8238767697506953,-0.9311133911958529,-0.8532487831313755,0.906409182459134,0.6651300886763281,-0.8529778171376078,0.9563925775034905,0.6269525247752139,0.6692959179964378,-0.6652820942410537,0.9064356182095211,-0.9308754694423692,-0.9990103115962489,-0.824361164625059,-0.7820243803305125,-0.9988368289048017,0.8532025206446348,0.7791012175325921,0.9064157913967309,-0.7820111624771579,0.8529825309268616,0.9310755036828244,0.9999917388293689,-0.8211935410864075,-0.9563925775034905,0.9032981848582881,0.672436269189555,0.6303670769173284,-0.8564654410403584,-0.8239098144386792,0.9988368289048017,0.9311860895094173,-0.9561960339831009,-0.8073167427243978,0.9281741848715059,0.6303693398673589,-0.8238833786882921,0.9306904191896597,0.6658768986247628,-0.8208980870461733,-0.8240155574402275,0.6684576887563007,0.6651565244267151,-0.85333469917818,-0.8073233516510752,-0.7854986691262635,0.9562290786164873,0.6652820942410537,-0.9988302199781245,0.6725739456283603,-0.9306441566264824,-0.8072572623843025,0.999036747346636,0.6274393175619601,0.6440630359426477,-0.8242944947503864,0.9991606663119876,0.8103614923653047,-0.8533413081048572,0.927447202937007,-0.9311860895094173,0.641000857510528,0.6727601071317967,0.6724230513143615,0.8240155574402275,-0.9311283750962425,0.9275199011304569,-0.9563991864410872,0.6440894716493568,0.8532157384979893,0.6724230513143615,-0.9310755036828244,0.6409612038849475,-0.8239032055010824,-0.999973564293291,-0.8072638713109798,-0.8103614923653047,0.9306441566264824,0.6651234797387313,0.8884347087611236,0.85333469917818,0.8742849967451036,-0.9279626992178335,0.6725805545550375,0.6652953121162473,0.9991937109453739,0.967156830353572,0.9009255801811507,-0.7855184959390539,0.6658835075623596,-0.785115350745651,-0.9306525323754795,0.9274670297170388,0.9563859685658936,0.8530703421110895
0.9569442815165422,0.45145471458444175,0.9569740218340037,-0.49427995506184874,0.45896249250358806,-0.9958462758629482,-0.8210461965546115,0.9178078117821572,-0.8459883682552302,-0.917702068605896,-0.8435496662527054,0.8210461965546115,-0.9999983477615059,-0.7861972110280185,1.0,0.7853248298238634,-0.47757332227499305,-0.45896249250358806,0.9570451391235915,-0.7852203840146598,0.49460791522094344,-0.8210726323486769,0.4807183927063454,-0.45226100763561766,-0.9998727775322245,-0.9602190209170149,-0.8727163979861194,-0.9602256298764509,0.8462078616888519,0.9177747670395756,-0.8709187610195632,-0.45132914435516025,0.918045733928745,-0.820872415691451,-0.49170907408899744,-0.4554788183224921,0.45144149666557,-0.8708923251818198,0.8470670264155148,0.7852203840146598,0.9596226290449591,0.9958462758629482,0.7853116119268307,-0.9178210296791899,-0.9913571332991082,-0.8709121520601274,0.9958594937599807,-0.9180439462770218,-0.8461734188136874,-0.7861919010517324,0.9567195768957227,0.820872415691451,-0.8677251999254302,-0.4586188266129229,-0.4943832106001239,0.920842840598112,0.9602058029981432,-0.7852983940297981,-0.8461351631350573,0.8210726323486769,0.9705538298909642,-0.8430275593199157,-0.4943923071866263,0.9602190209170149,-0.8466969246871061,-0.45211561052802857,0.9569856585869445,0.9601000596471694,-0.454600579275915,-0.4513555801929037,0.9176888507088633,0.9705472209424478,0.9990598755216127,-0.8210395876060952,-0.45144149666557,0.7853050029783144,-0.45904765052130875,0.8467431874031572,0.9706133104276111,-0.7852501243321212,-0.49110847119965123,-0.4807117837578291,0.9597051077427392,-0.7853843103605103,-0.9737277340039296,0.9176822417603471,-0.8435761020467708,0.8461351631350573,-0.4775601043561213,-0.45896910146302394,-0.45861221765348703,-0.9601000596471694,0.8459883682552302,-0.8435034036130912,0.8208658067320151,-0.4806853479637638,-0.9178078117821572,-0.45859239077517944,0.8461734188136874,-0.4775997581127365,0.9601991940387073,0.7861972110280185,0.9706067014790948,0.9737277340039296,-0.8467431874031572,-0.45132914435516025,-0.8826482056752969,-0.9176888507088633,-0.9098638556655321,0.8430606040624973,-0.4590410415727924,-0.45145471458444175,-0.7854140506288337,-0.803934980949643,-0.869985460318014,0.9990797023999203,-0.45212221948746445,0.9989739590489464,0.8466624810038955,-0.8435562752012218,-0.8208790246508869,-0.9179532086495165
0.8221914906635195,0.6662205633797947,0.8221650549131324,-0.6292458223322241,0.673546570705812,-0.7832536406924834,-0.9549733825478073,0.8520261316960819,-0.9298330254674989,-0.852131874522918,-0.9262840318418087,0.9549733825478073,-0.7853202278111509,-0.9988103931980926,0.7853248298238634,1.0,-0.6398112487431098,-0.673546570705812,0.822074475994726,-0.9998033841078611,0.628893283833249,-0.9549469468410983,0.6428271666539995,-0.6650111277995862,-0.7851021328704575,-0.8250663785181136,-0.9032038477247016,-0.8250597695805167,0.9298709109276605,0.8520591763294683,-0.9051667021909416,-0.6659958595015046,0.8517882103357004,-0.9551434882977012,-0.6257695268999838,-0.6680666576344668,0.6662073455046013,-0.9051931379413287,0.9296263802365801,0.9998033841078611,0.8255441625002892,0.7832536406924834,0.999973564293291,-0.8520129138427274,-0.778023960704319,-0.9051733111285385,0.7832404228391288,-0.8517929221594434,-0.9297801540540809,-0.998821956874741,0.8224294124170032,0.9551434882977012,-0.9021085780563808,-0.6732293417011672,-0.6291312055867327,0.855222960772166,0.8250795963933071,-0.999973564293291,-0.9299436092412249,0.9549469468410983,0.8085460030863687,-0.9269845780695986,-0.6291334705787107,0.8250663785181136,-0.9294479389214673,-0.6651961780522957,0.8221339563348214,0.825198557270049,-0.6692111076423323,-0.6659694237511176,0.8521450923762727,0.8085526120130461,0.7860736466971824,-0.9549799914744845,-0.6662073455046013,0.9999801732199682,-0.673723898870204,0.92940167635829,0.8084865227462734,-0.999776948357474,-0.6262563177321386,-0.6428337755806768,0.825477496534809,-0.9997092072262004,-0.8115378832575295,0.8521517013029499,-0.9262575961350997,0.9299436092412249,-0.6398244666183034,-0.6735531796434089,-0.6732227327635705,-0.825198557270049,0.9298330254674989,-0.9263302943285495,0.9551500972352981,-0.6428602112873859,-0.8520261316960819,-0.6732029059507801,0.9297801540540809,-0.6397848129927227,0.8250862053309038,0.9987839574913836,0.8084931316729507,0.8115378832575295,-0.92940167635829,-0.6660024684391014,-0.8871459680590573,-0.8521450923762727,-0.8754613856936564,0.9267730924159262,-0.6737172899435268,-0.6662205633797947,-0.9996761625928141,-0.9659672196206331,-0.8996897108925025,0.786053819884392,-0.665189569114699,0.7862917416378757,0.9293571827467361,-0.9262774229151315,-0.9551368793601045,-0.8518807353091821
-0.4641431498248629,-0.973590641728901,-0.46411340955653957,0.9872827518307841,-0.9662679267728504,0.47955112095908264,0.6605170502337839,-0.5676086054984194,0.6363679922551937,0.5677143484999677,0.6386084221004981,-0.6605170502337839,0.47757583768422446,0.6409876396353346,-0.47757332227499305,-0.6398112487431098,1.0,0.9662679267728504,-0.46403994441946816,0.6400105743176261,-0.9869572401030996,0.6604906144833969,-0.9969450185972589,0.9747405987707356,0.4777344524486154,0.4609609411142687,0.6066486022073888,0.46095433216575243,-0.6360848588989492,-0.5676416501864033,0.6079175203225167,0.9737558654418083,-0.5673706837449358,0.6606932786993589,0.9897743213047656,0.9717715752911695,-0.9736038596259335,0.6079439561165818,-0.635172824003701,-0.6400105743176261,-0.4615417660078899,-0.47955112095908264,-0.6398244666183034,0.5675953876232259,0.4867259269050294,0.607924129271033,-0.4795643388342762,0.5673749256493292,0.6361763330648874,0.6409787852752628,-0.4643678540744168,-0.6606932786993589,0.6110161076339916,0.9666115920956976,0.9871819443526535,-0.564668561231908,-0.46098737690833386,0.6398376844934969,0.6361641662811447,-0.6604906144833969,-0.4544305491537675,0.6391900086090136,0.987170399891639,-0.4609609411142687,0.6355759698631948,0.9745555482122794,-0.46409942485783906,-0.46107990218756195,0.9706298327936025,0.9737823012358734,-0.5677275663751613,-0.45443715809136426,-0.47682241755336724,0.6605236591713808,0.9736038596259335,-0.6398310755559001,0.9660878889579491,-0.6355230982750645,-0.45437106871539656,0.6400370101116912,0.9903641530632477,0.9969516275348557,-0.4614639836500642,0.640088824122174,0.4513515299715815,-0.567734175312758,0.6385687684749175,-0.6361641662811447,0.9999867821029674,0.9662613178243341,0.9666182010442139,0.46107990218756195,-0.6363679922551937,0.6386612936012722,-0.6606998876478752,0.9969780632852427,0.5676086054984194,0.9666380278897627,-0.6361763330648874,0.9999735642059349,-0.4609807679598176,-0.6410140753857216,-0.45437767765299336,-0.4513515299715815,0.6355230982750645,0.9737492564932919,0.6016115894337908,0.5677275663751613,0.5140431662766148,-0.639123919233046,0.9660944978955459,0.973590641728901,0.640121868810158,0.6736413218588962,0.6092184766076708,-0.47684224439891615,0.9745621571607958,-0.476544841715683,-0.6356674448699363,0.6386018131629013,0.6606866697508427,0.5674632088712905
