1.0,0.49502264387311656,0.9999603464399365,-0.45156482861400893,0.4957521123781892,-0.9609015897773122,-0.777992935057382,0.8633406141675561,-0.7899947459032916,-0.8632282624140426,-0.7940790625898401,0.777992935057382,-0.9564190132538776,-0.8211360084065548,0.9564238979630567,0.8222132634549486,-0.46517668168611226,-0.4957521123781892,0.9997554697129413,-0.8220083867279534,0.4515582196873317,-0.7780193707640911,0.4615773525300624,-0.4939982585456175,-0.9563000523771357,-0.9961717728984371,-0.8262625962231286,-0.9961651639608402,0.7900588360680335,0.8633340052408789,-0.8262229425975479,-0.494897074058778,0.8635983623079694,-0.7778211029637732,-0.45539214957409724,-0.490418708549638,0.495009425997923,-0.826196506847161,0.7908849532676295,0.8220083867279534,0.9959371556137517,0.9609015897773122,0.8222000456015941,-0.8633538320209106,-0.9553633092217658,-0.8262163336599512,0.9608883719239577,-0.863596484707271,-0.7900674440967415,-0.8211472785232301,0.9997620786396185,0.7778211029637732,-0.8297408309403511,-0.4954547106777124,-0.4513202983269502,0.8370682091938443,0.9961783818360338,-0.8221868277482396,-0.7899749191232598,0.7780193707640911,0.989795817210306,-0.7935437395289818,-0.4513309574208833,0.9961717728984371,-0.790501634887017,-0.4941568730479399,0.9999537375132591,0.9963122189140873,-0.4948731251301132,-0.4948706383083909,0.8632216534873653,0.9898024261369832,0.9570534712631672,-0.7779863261307047,-0.495009425997923,0.8221934366749168,-0.49593716232515256,0.7905545063877911,0.9897363368702106,-0.8219951688745989,-0.45515092335181523,-0.46158396145673963,0.9960230718025097,-0.8219290796078262,-0.986172450314527,0.8632150445606881,-0.7941054982965492,0.7899749191232598,-0.4651898995613058,-0.4957587213048665,-0.4954481017510351,-0.9963122189140873,0.7899947459032916,-0.7939799286896811,0.7778144940370959,-0.46161039716344865,-0.8633406141675561,-0.49542827497100334,0.7900674440967415,-0.4651502459357252,0.9961915997112273,0.8211095726998456,0.9897429457968878,0.986172450314527,-0.7905545063877911,-0.4949036829963747,-0.830038232640828,-0.8632216534873653,-0.9478423506630406,0.7935437395289818,-0.4959305533984753,-0.49502264387311656,-0.8219158617544717,-0.7913455819222374,-0.8300316237141507,0.9570468623255705,-0.4941502641103432,0.9573244377046347,0.7904904154040863,-0.7940856715165173,-0.7778277118904504,-0.8634727927011013
0.49502264387311656,1.0,0.49481115787001995,-0.9568684210104578,0.9922592818411504,-0.45576555454831463,-0.6296268759064904,0.5336320573134352,-0.6049491029201587,-0.5337444092525803,-0.607731465648398,0.6296268759064904,-0.4514440552508096,-0.665103652925941,0.45144810562500587,0.6659033343751499,-0.9737096028021942,-0.9922592818411504,0.4944542752397945,-0.6660024684391014,0.9560621306236521,-0.6296004401561033,0.9703176090198806,-0.9989293503403609,-0.4513250941775164,-0.49107791950300705,-0.5801335007600291,-0.49107131055449077,0.6048509682109576,0.533638666251032,-0.5801731544511268,-0.9998744299781904,0.5333743087471612,-0.6297987082840063,-0.9597234155045932,-0.9955571417019375,0.9999867821029674,-0.580199590245192,0.6040248496464212,0.6660024684391014,0.49159506972440686,0.45576555454831463,0.6659165522503434,-0.5336188394382416,-0.4591625484730534,-0.5801797633996432,0.4557523366731211,-0.533378494481528,-0.6048764046065942,-0.6651146652567577,0.4952605656266002,0.6297987082840063,-0.5835559719194207,-0.9925566840330049,-0.9563000523771357,0.5572070583570155,0.49108452845152334,-0.665929770125537,-0.6049292761073684,0.6296004401561033,0.48105795873114576,-0.6082866164065265,-0.9562950234617672,0.49107791950300705,-0.6044081686603662,-0.9990945740532681,0.49481115787001995,0.4912158958173782,-0.9927681700361015,-0.9998479941841253,0.533751018190177,0.48106456766874256,0.45236269909457405,-0.6296334848440871,-0.9999867821029674,0.6659231611879401,-0.9921799745899892,0.6043552970722358,0.48099847829277487,-0.6659892505639079,-0.9602471746745093,-0.9703242179574774,0.49150915339369505,-0.6658835075623596,-0.47764192716938736,0.5337576271277737,-0.6077050298980109,0.6049292761073684,-0.9737228206992268,-0.9922526729035536,-0.9925632929706016,-0.4912158958173782,0.6049491029201587,-0.6078305997123495,0.629805317221603,-0.9703506537078644,-0.5336320573134352,-0.992583119783392,0.6048764046065942,-0.973683167008129,0.49109774634855596,0.6650772171755539,0.4810050872303716,0.47764192716938736,-0.6043552970722358,-0.9998810389267068,-0.5832585697275661,-0.533751018190177,-0.5415033019911859,0.6082866164065265,-0.9921865835275859,-1.0,-0.665870289687166,-0.6473508812230123,-0.5832651786651628,0.45235609014605777,-0.9990879651047518,0.45239574383715553,0.6044137789748204,-0.6077248567108012,-0.6297920993464096,-0.5334998785614998
0.9999603464399365,0.49481115787001995,1.0,-0.45148552149388177,0.4956067159912894,-0.961046986164212,-0.7780325886174456,0.863538881967874,-0.790259102970382,-0.8634265302143606,-0.7943169839502215,0.7780325886174456,-0.9566304992569741,-0.820990612019655,0.9566353843155792,0.8220678670680488,-0.4648726705566609,-0.4956067159912894,0.9998347768330684,-0.8218629903410537,0.45159787324739525,-0.7780590243241546,0.4613394311696809,-0.4937867725425209,-0.9565115383802323,-0.9963171695255659,-0.8264740822262252,-0.9963105605879692,0.7903231935719042,0.8635322730411967,-0.8264344286006445,-0.49468558805568136,0.8637966301082872,-0.7778607565238368,-0.4552368395405732,-0.49027331216273823,0.4947979399948264,-0.8264079928502575,0.7911889643970809,0.8218629903410537,0.9960924656472758,0.961046986164212,0.8220546492146943,-0.8635520998212285,-0.9555087056086656,-0.8264278196630478,0.9610337683108575,-0.863794752835174,-0.790331801163832,-0.8210018818961012,0.999722425079555,0.7778607565238368,-0.8298862273272509,-0.4953093142908126,-0.4513599518870138,0.8373193488225215,0.9963237784631627,-0.8220414313613398,-0.7902392761903503,0.7780590243241546,0.9900337385706874,-0.7937420073292997,-0.4513706110464639,0.9963171695255659,-0.7908056460164683,-0.49394538704484336,0.9999933910733227,0.9964576153009871,-0.49472772874321347,-0.4946591523052943,0.8634199212876833,0.9900403474973647,0.9572649572662638,-0.7780259796907684,-0.4947979399948264,0.822048040288017,-0.4957917659382528,0.7908585175172425,0.989974258230592,-0.8218497724876991,-0.4550055267246863,-0.46134604009635816,0.9961783818360338,-0.8217836832209265,-0.9864764614439784,0.863413312361006,-0.7943434196569307,0.7902392761903503,-0.46488588843185447,-0.4956133249179667,-0.49530270536413534,-0.9964576153009871,0.790259102970382,-0.7942178500500626,0.7778541475971594,-0.46137247580306723,-0.863538881967874,-0.4952828785841035,0.790331801163832,-0.46484623480627385,0.9963369963383563,0.8209641763129459,0.9899808671572693,0.9864764614439784,-0.7908585175172425,-0.49469219699327815,-0.8301836290277278,-0.8634199212876833,-0.9476969542761408,0.7937420073292997,-0.49578515701157555,-0.49481115787001995,-0.821770465367572,-0.7910415702904864,-0.8301770201010504,0.9572583483286671,-0.49393877810724657,0.9575359237077313,0.7907944260312404,-0.7943235928768988,-0.777867365450514,-0.8636710605014193
-0.45156482861400893,-0.9568684210104578,-0.45148552149388177,1.0,-0.9559779394027513,0.4900089550956477,0.6730828329825095,-0.5874377521718586,0.6605192633690325,0.587550103925372,0.6566001698494156,-0.6730828329825095,0.49433531436305267,0.6305940433743857,-0.49433282664997935,-0.6295167883259919,0.9869456960133489,0.9559779394027513,-0.4513202983269502,0.6297216650529871,-0.9995175483525598,0.6730563972758005,-0.9903840116845823,0.9578928063379568,0.4944542752397945,0.4547477781584124,0.6244917313938017,0.4547543870960091,-0.6604641787330098,-0.5874443610985358,0.6245313850193822,0.9569939908247963,-0.5871800040314453,0.6732546650761183,0.9960858567096791,0.9613113432313025,-0.9568816388856513,0.6245578207697693,-0.6596380615334139,-0.6297216650529871,-0.4552302306029764,-0.4900089550956477,-0.6295300061793464,0.587424534318504,0.4955472356511941,0.624537993956979,-0.49002217294900224,0.5871842786600463,0.6604465651755826,0.6305851718580217,-0.4518027499743904,-0.6732546650761183,0.6211697139326088,0.9562753411032281,0.9997554697129413,-0.6135869843591344,-0.4547411692208156,0.629543224032701,0.6605390901490643,-0.6730563972758005,-0.46088341522894977,0.657135492910274,0.9997538170758853,-0.4547477781584124,0.6600213799140263,0.9577341918356344,-0.4514789125672045,-0.45484946517260866,0.9568569266508272,0.9570204265751834,-0.5875567128520492,-0.46087680630227246,-0.49370085635376293,0.6730894419091867,0.9568816388856513,-0.6295366151060237,0.9557928894557879,-0.6599685084132523,-0.4609428955690451,0.6297348829063416,0.9965749180918398,0.9903774027579051,-0.45514431441421843,0.6298009721731143,0.4643505644865163,-0.5875633217787265,0.6565737341427066,-0.6605390901490643,0.9869324781381553,0.9559713304760741,0.9562819500299053,0.45484946517260866,-0.6605192633690325,0.6566993037495745,-0.6732612740027956,0.9903509670511961,0.5874377521718586,0.9563017768099372,-0.6604465651755826,0.986972131763736,-0.45472795134562205,-0.6306204790810949,-0.46093628664236785,-0.4643505644865163,0.6599685084132523,0.9569873818871996,0.6208723122321319,0.5875567128520492,0.5038877011178999,-0.657135492910274,0.9557994983824651,0.9568684210104578,0.6298141900264688,0.6607791950336784,0.6208789211588092,-0.4937074652913597,0.9577408007732311,-0.49342988991229547,-0.6600235938682378,0.6565935609227384,0.673248056149441,0.5873055736383133
0.4957521123781892,0.9922592818411504,0.4956067159912894,-0.9559779394027513,1.0,-0.45665370215550144,-0.6288955492183292,0.5259945608533446,-0.6040129402784341,-0.526106912606858,-0.6000938467588172,0.6288955492183292,-0.4591823752858437,-0.6728581294754825,0.4591864384401516,0.6735388489232407,-0.9660548442699652,-1.0,0.4953423589241989,-0.6737437256502358,0.9553302645883796,-0.6288691135116201,0.9694271051909814,-0.9912745501392319,-0.45906341440910187,-0.4987302578649034,-0.5792535535439247,-0.49872364892730664,0.603970980155837,0.5260011697800219,-0.5792932071695053,-0.9921337120268118,0.5257368127129314,-0.6290673813119381,-0.9520637233776074,-0.9946665961714488,0.9922460639659568,-0.5793196429198924,0.6037528852151436,0.6737437256502358,0.49925236393504807,0.45665370215550144,0.6735520667765952,-0.5259813429999901,-0.45152517505394535,-0.579299816107102,0.45664048430214693,-0.5257409858228942,-0.6039402420849842,-0.6728691546021434,0.4959900337385707,0.6290673813119381,-0.5759183929733892,-0.9997025982995231,-0.955568185948761,0.5600611987629104,0.4987368668025002,-0.6735652846299497,-0.6040327670584659,0.6288691135116201,0.4819460645493869,-0.6006291698196754,-0.955579678179088,0.4987302578649034,-0.6035281813368535,-0.9913538573903932,0.49560010706461216,0.4988715257698573,-0.9994911126458508,-0.9921072762764247,0.5261135215335353,0.48195267347606413,0.4601472801749718,-0.6289021581450065,-0.9922460639659568,0.6735586757032724,-0.9998149500530367,0.6034753098360793,0.4818865842092915,-0.6737305077968813,-0.9525924383853488,-0.9694337141176588,0.4991664477462901,-0.6736512006767541,-0.48529428773067407,0.5261201304602126,-0.600067411052108,0.6040327670584659,-0.9660680621451588,-0.9999933910733227,-0.9996959893728459,-0.4988715257698573,0.6040129402784341,-0.6001665449522671,0.6290739902386153,-0.9694601498243678,-0.5259945608533446,-0.9996761625928141,0.6039402420849842,-0.9660284085195782,0.4987500846776937,0.6728316937687735,0.48189319313596873,0.48529428773067407,-0.6034753098360793,-0.9921403209644085,-0.5756209912729123,-0.5261135215335353,-0.5491390220771196,0.6006291698196754,-0.9998215589797139,-0.9922592818411504,-0.6736379828233996,-0.6396966492665949,-0.5756276001995896,0.46014067123737507,-0.9913472484527964,0.4600481461110203,0.6035172707776394,-0.6000872378321399,-0.6290607723852608,-0.5258623823197993
-0.9609015897773122,-0.45576555454831463,-0.961046986164212,0.4900089550956477,-0.45665370215550144,1.0,0.8170913452800698,-0.9199923336450544,0.8419739542199649,0.9198799818915409,0.8458930477395818,-0.8170913452800698,0.9956761025786794,0.782037598183867,-0.99568105215004,-0.7831148532322608,0.4799344393396952,0.45665370215550144,-0.9613113432313025,0.7829099765052656,-0.49065662991001946,0.8171177809867789,-0.47655978930741755,0.4547411692208156,0.9955571417019375,0.9579258510259406,0.8667489479409294,0.9579324599635374,-0.842031521329017,-0.9199857247183771,0.8667092943153487,0.45563998473397604,-0.9202500817854676,0.8169195131864609,0.49392556023205303,0.4513202983269502,-0.4557523366731211,0.8666828585649616,-0.8428576385286131,-0.7829099765052656,-0.9574037449557959,-1.0,-0.7831016353789063,0.9200055514984089,0.9944617194444536,0.866702685377752,-0.9999867821466455,0.9202482977867663,0.8420466524134148,0.7820488037007507,-0.9606636684169307,-0.8169195131864609,0.8700685015250098,0.4563563004550246,0.490418708549638,-0.8884791347591025,-0.9578928063379568,0.7830884175255518,0.8419541274399331,-0.8171177809867789,-0.9747076376061146,0.8453577246787235,0.49042282330576603,-0.9579258510259406,0.8424743201480005,0.45489978372313805,-0.9610535950908893,-0.9577821763856441,0.45577471490742544,0.45561354898358897,-0.9198733729648636,-0.9747010286794373,-0.9963105605879692,0.8170847363533925,0.4557523366731211,-0.7830950264522291,0.4568387521024648,-0.8425271916487747,-0.97476711794621,0.7828967586519111,0.4933968452243116,0.4765531803807403,-0.9574896611445539,0.7828306693851385,0.97136182116017,-0.9198667640381863,0.8459194834462909,-0.8419541274399331,0.47994765721488875,0.4566603110821787,0.4563496915283473,0.9577821763856441,-0.8419739542199649,0.8457939138394229,-0.8169129042597837,0.4765267446740312,0.9199923336450544,0.45632986474831555,-0.8420466524134148,0.4799608750900823,-0.9579060242131503,-0.7820111624771579,-0.9747605090195327,-0.97136182116017,0.8425271916487747,0.45564659367157284,0.8703659032254867,0.9198733729648636,0.9075146800783819,-0.8453577246787235,0.4568321431757875,0.45576555454831463,0.782817451531784,0.8062950234661694,0.8703592942988094,-0.9963039516503723,0.45489317478554125,-0.9965815270294366,-0.8424696237207596,0.8458996566662591,0.8169261221131382,0.9201245121785996
-0.777992935057382,-0.6296268759064904,-0.7780325886174456,0.6730828329825095,-0.6288955492183292,0.8170913452800698,1.0,-0.9146523208898258,0.9879981891540904,0.9147646726433394,0.9839138724675419,-1.0,0.8215768594670201,0.9560374197428466,-0.8215749124359177,-0.9549469468410983,0.6594728380934947,0.6288955492183292,-0.7782374653444407,0.9551518235680935,-0.6735652846299497,0.999973564293291,-0.663070309066456,0.6306512612339894,0.8216958203437619,0.7818240998224606,0.951733276497769,0.7818307087600573,-0.9879370366528641,-0.9146589298165031,0.9517729301233496,0.6297524457208289,-0.9143945727494126,0.9998281679063912,0.6700273114355331,0.6342289530468804,-0.6296400937816838,0.9517993658737367,-0.9871109194532681,-0.9551518235680935,-0.7813019937523159,-0.8170913452800698,-0.9549733825478073,0.9146391030364713,0.8226296258356162,0.9517795390609464,-0.8171045631334243,0.9143993880136266,0.9879254909606405,0.9560290859356682,-0.7777550136970005,-0.9998281679063912,0.9482521041170309,0.629192950918806,0.6733273632695682,-0.9409276635270534,-0.7818174908848637,0.9549733825478073,0.9880180159341222,-0.999973564293291,-0.788197117847076,0.9844491955284002,0.6733185623587236,-0.7818240998224606,0.9874942378338807,0.6304926467316669,-0.7780391975441229,-0.7816807161432947,0.6297745364664051,0.629778881471216,-0.9147712815700166,-0.7881905089203988,-0.8209424014577303,0.9999933910733227,0.6296400937816838,-0.95496677362113,0.6287104992713658,-0.9874413663331065,-0.7882565981871714,0.955165041421448,0.6694985964277916,0.6630637001397788,-0.7813482563154933,0.9552443485415751,0.7918234224063705,-0.9147778904966939,0.9838874367608329,-0.9880180159341222,0.6594596202183011,0.6289021581450065,0.6291995598454833,0.7816807161432947,-0.9879981891540904,0.9840130063677008,-0.9998215589797139,0.6630372644330698,0.9146523208898258,0.6292193866255151,-0.9879254909606405,0.6594992738438817,-0.7818042730096703,-0.9560638554495557,-0.7882499892604942,-0.7918234224063705,0.9874413663331065,0.6297458367832321,0.947954702416554,0.9147712815700166,0.8293310774863608,-0.9844491955284002,0.628717108198043,0.6296268759064904,0.9552575663949296,0.9858337188607125,0.9479613113432312,-0.8209490103953271,0.6304992556692637,-0.8206714350162628,-0.9875025196532957,0.9839072635408647,0.9998347768330684,0.9145201423562807
0.8633406141675561,0.5336320573134352,0.863538881967874,-0.5874377521718586,0.5259945608533446,-0.9199923336450544,-0.9146523208898258,1.0,-0.9515301317489533,-0.9998612125397774,-0.9554492252685702,0.9146523208898258,-0.9175716780600752,-0.8531364313778621,0.9175698896355695,0.8520459584761136,-0.5678465272519031,-0.5259945608533446,0.8638825461550916,-0.8522508352031088,0.5882176055197755,-0.914678756596535,0.5644717319683696,-0.5347225320169019,-0.917690638936817,-0.8604968929743868,-0.9785060827022761,-0.8605035019119835,0.9515746619954466,0.9999933910733227,-0.9784664290766956,-0.5337576271277737,0.9997422518595868,-0.914480488796217,-0.5913545182836069,-0.5313279646818958,0.5336452751886287,-0.9784399933263085,0.95179275693614,0.8522508352031088,0.8599747869042421,0.9199923336450544,0.8520723941828228,-0.9999867821466455,-0.9255306142006008,-0.9784598201390988,0.9200055514984089,-0.9997405992006917,-0.9516028299424032,-0.8531279275539905,0.8631026928071747,0.914480488796217,-0.9818386694908814,-0.5262919625538215,-0.5879796841593941,0.9877453774625579,0.8604902840367901,-0.8520723941828228,-0.9515103049689215,0.914678756596535,0.8867956949451624,-0.954913902207712,-0.5879707422340616,0.8604968929743868,-0.9520174608144301,-0.5344978281386118,0.8635454908945512,0.8603533793094332,-0.5265034482074938,-0.5337840628781608,0.9998810393198093,0.8867890860184852,0.9168711306748178,-0.9146457119631486,-0.5336452751886287,0.8520657852561455,-0.5258095109063813,0.9520703323152042,0.8868551752852578,-0.8522640530564634,-0.5908258032758654,-0.5644651230416924,0.8600607030930001,-0.8523433601765905,-0.883449733247962,0.999874430393132,-0.9554756609752794,0.9515103049689215,-0.5678333093767096,-0.5260011697800219,-0.5262985714804987,-0.8603533793094332,0.9515301317489533,-0.9553765270751203,0.9144738798695398,-0.5644386873349834,-1.0,-0.5263183982605305,0.9516028299424032,-0.5678729630022902,0.8604770661615965,0.8531628670845711,0.8868485663585806,0.883449733247962,-0.9520703323152042,-0.533751018190177,-0.9816470106172407,-0.9998810393198093,-0.7957445121125104,0.954913902207712,-0.5258161198330585,-0.5336320573134352,-0.852356578029945,-0.894207256630353,-0.9816404016905634,0.9168777396124146,-0.5345044370762085,0.9166001642333503,0.952025801249748,-0.9554558341952475,-0.9144870977228943,-0.9996166822527187
-0.7899947459032916,-0.6049491029201587,-0.790259102970382,0.6605192633690325,-0.6040129402784341,0.8419739542199649,0.9879981891540904,-0.9515301317489533,1.0,0.9516424835024668,0.996080906480383,-0.9879981891540904,0.8462546324533518,0.9311548108029516,-0.8462527261958833,-0.9300643379012031,0.635845886185049,0.6040129402784341,-0.7908010349579176,0.9302692146281983,-0.6615634737840401,0.9880246248607994,-0.639218692688214,0.605993315060448,0.8463735933300935,0.7941629863156264,0.9762127813561977,0.7941695952532232,-0.9998992137030142,-0.9515367406756305,0.9762524349817783,0.6050746727344972,-0.95127238360854,0.9878263570604816,0.6576884249423672,0.6093463441069853,-0.6049623207953522,0.9762788707321653,-0.9990730965034181,-0.9302692146281983,-0.7936408802454817,-0.8419739542199649,-0.9300907736079123,0.9515169138955988,0.8475122347755113,0.976259043919375,-0.8419871720733194,0.951277259803592,0.9999273018065501,0.9311464358838367,-0.7897568245429101,-0.9878263570604816,0.972936445256608,0.6043103419789109,0.6613255524236586,-0.9700135978904293,-0.7941563773780297,0.9300907736079123,0.9999801732199682,-0.9880246248607994,-0.8120487342253181,0.9966360563212732,0.6613167316829929,-0.7941629863156264,0.9994564148840307,0.6058148737453353,-0.7902657118970594,-0.7940195822497448,0.6048919275265101,0.6051011084848843,-0.9516490924291441,-0.8120421252986408,-0.8456003476312718,0.9879915802274132,0.6049623207953522,-0.9300841646812349,0.6038278903314707,-0.9994035433832565,-0.8121082145654135,0.9302824324815528,0.6571597099346258,0.6392120837615367,-0.7937267964342397,0.93036173960168,0.8154503743148162,-0.9516557013558213,0.996054470773674,-0.9999801732199682,0.6358326683098555,0.6040195492051114,0.6043169509055881,0.7940195822497448,-1.0,0.996180040380542,-0.9878197481338044,0.6391856480548277,0.9515301317489533,0.60433677768562,-0.9999273018065501,0.6358723219354361,-0.7941431595028361,-0.9311812465096606,-0.8121016056387362,-0.8154503743148162,0.9994035433832565,0.6050680637969005,0.9726390435561313,0.9516490924291441,0.8046467363467836,-0.9966360563212732,0.603834499258148,0.6049491029201587,0.9303749574550345,0.962206727914843,0.9726456524828085,-0.8456069565688685,0.605821482682932,-0.8453293811898043,-0.9994646769391416,0.9960742975537058,0.9878329659871589,0.9513979532154081
-0.8632282624140426,-0.5337444092525803,-0.8634265302143606,0.587550103925372,-0.526106912606858,0.9198799818915409,0.9147646726433394,-0.9998612125397774,0.9516424835024668,1.0,0.9555615770220838,-0.9147646726433394,0.9174593261209302,0.8532487831313755,-0.917457537510792,-0.8521583102296272,0.5679588791910481,0.526106912606858,-0.8637701944015782,0.8523631869566223,-0.5883299572732891,0.9147911083500484,-0.5645840837218832,0.534834883956047,0.917578286997672,0.8603845410352418,0.9786184346414212,0.8603911499728385,-0.9516870139345917,-0.9998678214664547,0.9785787810158406,0.5338699790669188,-0.9996299001060732,0.9145928405497306,0.5914668702227519,0.5314403164354093,-0.5337576271277737,0.9785523452654535,-0.951905108875285,-0.8523631869566223,-0.8598624349650971,-0.9198799818915409,-0.8521847459363362,0.999874430393132,0.9254182624470872,0.9785721720782439,-0.9198931997448955,0.9996348561991435,0.9517151816959166,0.8532402794931355,-0.8629903410536611,-0.9145928405497306,0.9819510212443948,0.5264043143073349,0.5880920359129076,-0.9878577294017029,-0.860377932097645,0.8521847459363362,0.951622656722435,-0.9147911083500484,-0.886683343191649,0.9550262539612254,0.5880830941732067,-0.8603845410352418,0.9521298127535751,0.5346101800777568,-0.8634331391410378,-0.8602410275559198,0.5266157999610074,0.5338964148173059,-0.9999801732199682,-0.8866767342649717,-0.9167587787356728,0.9147580637166621,0.5337576271277737,-0.8521781370096589,0.5259218626598947,-0.9521826842543493,-0.8867428235317443,0.8523764048099768,0.5909381552150105,0.5645774747952059,-0.859948351153855,0.8524557119301039,0.883337381308817,-0.9999867821466455,0.9555880127287928,-0.951622656722435,0.5679456613158547,0.5261135215335353,0.5264109232340122,0.8602410275559198,-0.9516424835024668,0.9554888788286339,-0.9145862316230533,0.5645510390884968,0.9998612125397774,0.5264307500140439,-0.9517151816959166,0.5679853149414352,-0.8603647142224514,-0.8532752188380845,-0.886736214605067,-0.883337381308817,0.9521826842543493,0.5338633701293221,0.9817593623707542,0.9999801732199682,0.7956321603589969,-0.9550262539612254,0.525928471586572,0.5337444092525803,0.8524689297834586,0.8943196087551306,0.9817527534440769,-0.9167653876732695,0.5346167890153536,-0.9164878122942053,-0.9521381530032615,0.955568185948761,0.9145994494764078,0.9997554697129413
-0.7940790625898401,-0.607731465648398,-0.7943169839502215,0.6566001698494156,-0.6000938467588172,0.8458930477395818,0.9839138724675419,-0.9554492252685702,0.996080906480383,0.9555615770220838,1.0,-0.9839138724675419,0.8434722697251125,0.9272357172833346,-0.8434703588705096,-0.9261452443815862,0.6386745114764657,0.6000938467588172,-0.7947201284775346,0.9263501211085814,-0.6574791570974916,0.9839403081742509,-0.635299599168597,0.6088219403518647,0.8435912306018543,0.7913343610242097,0.9734304186279583,0.7913409699618065,-0.9961255103352596,-0.9554558341952475,0.973470072253539,0.6078570354627366,-0.955191477128157,0.9837420403739331,0.6605170502337839,0.6054272505873683,-0.6077446835235915,0.9734965080039261,-0.9962907337751788,-0.9263501211085814,-0.790812254954065,-0.8458930477395818,-0.9261716800882953,0.9554360074152157,0.8514313282951282,0.9734766811911357,-0.8459062655929364,0.9551963597984754,0.996153604673833,0.9272273358889532,-0.7938411412294586,-0.9837420403739331,0.976855538776225,0.6003912484592939,0.6572412357371101,-0.9666959112168517,-0.791327752086613,0.9261716800882953,0.9960610797003513,-0.9839403081742509,-0.815967827744935,0.9994646769391416,0.6572324082481903,-0.7913343610242097,0.9965683091542431,0.6085972364735746,-0.7943235928768988,-0.7911909616318762,0.6006027341129664,0.6078834712131236,-0.955568185948761,-0.8159612188182578,-0.842771722339855,0.9839072635408647,0.6077446835235915,-0.926165071161618,0.5999087968118537,-0.9966211806550173,-0.8160273080850304,0.9263633389619359,0.6599883352260425,0.6352929902419198,-0.790898171142823,0.9264426460820631,0.8126217490233995,-0.9555747948754383,0.999973564293291,-0.9960610797003513,0.6386612936012722,0.6001004556854944,0.6003978573859712,0.7911909616318762,-0.996080906480383,0.9999273018065501,-0.9837354314472558,0.6352665545352107,0.9554492252685702,0.600417684166003,-0.996153604673833,0.6387009472268528,-0.7913145342114194,-0.9272621529900437,-0.8160206991583532,-0.8126217490233995,0.9966211806550173,0.6078504265251398,0.9765581370757482,0.955568185948761,0.8007276428271667,-0.9994646769391416,0.5999154057385311,0.607731465648398,0.9264558639354176,0.965035357879831,0.9765647460024255,-0.8427783312774518,0.6086038454111713,-0.8425007558983876,-0.9965765759811778,0.9999933910733227,0.9837486493006103,0.955317046735025
0.777992935057382,0.6296268759064904,0.7780325886174456,-0.6730828329825095,0.6288955492183292,-0.8170913452800698,-1.0,0.9146523208898258,-0.9879981891540904,-0.9147646726433394,-0.9839138724675419,1.0,-0.8215768594670201,-0.9560374197428466,0.8215749124359177,0.9549469468410983,-0.6594728380934947,-0.6288955492183292,0.7782374653444407,-0.9551518235680935,0.6735652846299497,-0.999973564293291,0.663070309066456,-0.6306512612339894,-0.8216958203437619,-0.7818240998224606,-0.951733276497769,-0.7818307087600573,0.9879370366528641,0.9146589298165031,-0.9517729301233496,-0.6297524457208289,0.9143945727494126,-0.9998281679063912,-0.6700273114355331,-0.6342289530468804,0.6296400937816838,-0.9517993658737367,0.9871109194532681,0.9551518235680935,0.7813019937523159,0.8170913452800698,0.9549733825478073,-0.9146391030364713,-0.8226296258356162,-0.9517795390609464,0.8171045631334243,-0.9143993880136266,-0.9879254909606405,-0.9560290859356682,0.7777550136970005,0.9998281679063912,-0.9482521041170309,-0.629192950918806,-0.6733273632695682,0.9409276635270534,0.7818174908848637,-0.9549733825478073,-0.9880180159341222,0.999973564293291,0.788197117847076,-0.9844491955284002,-0.6733185623587236,0.7818240998224606,-0.9874942378338807,-0.6304926467316669,0.7780391975441229,0.7816807161432947,-0.6297745364664051,-0.629778881471216,0.9147712815700166,0.7881905089203988,0.8209424014577303,-0.9999933910733227,-0.6296400937816838,0.95496677362113,-0.6287104992713658,0.9874413663331065,0.7882565981871714,-0.955165041421448,-0.6694985964277916,-0.6630637001397788,0.7813482563154933,-0.9552443485415751,-0.7918234224063705,0.9147778904966939,-0.9838874367608329,0.9880180159341222,-0.6594596202183011,-0.6289021581450065,-0.6291995598454833,-0.7816807161432947,0.9879981891540904,-0.9840130063677008,0.9998215589797139,-0.6630372644330698,-0.9146523208898258,-0.6292193866255151,0.9879254909606405,-0.6594992738438817,0.7818042730096703,0.9560638554495557,0.7882499892604942,0.7918234224063705,-0.9874413663331065,-0.6297458367832321,-0.947954702416554,-0.9147712815700166,-0.8293310774863608,0.9844491955284002,-0.628717108198043,-0.6296268759064904,-0.9552575663949296,-0.9858337188607125,-0.9479613113432312,0.8209490103953271,-0.6304992556692637,0.8206714350162628,0.9875025196532957,-0.9839072635408647,-0.9998347768330684,-0.9145201423562807
-0.9564190132538776,-0.4514440552508096,-0.9566304992569741,0.49433531436305267,-0.4591823752858437,0.9956761025786794,0.8215768594670201,-0.9175716780600752,0.8462546324533518,0.9174593261209302,0.8434722697251125,-0.8215768594670201,1.0,0.7863380042010532,-0.9999983477615059,-0.7855383227518442,0.47749653030202893,0.4591823752858437,-0.9569873818871996,0.7854391886878926,-0.49514160474985836,0.8216032952174072,-0.4808861263536298,0.4522767827638623,0.9998810389267068,0.9603661357478025,0.8710726323441941,0.9603727446963188,-0.8463551648932655,-0.9175650691224785,0.8710329786530963,0.45133170312603266,-0.9178294266263491,0.8214050270895041,0.4914827175996299,0.45564659367157284,-0.45143083735377704,0.8710065428590311,-0.8471812834578019,-0.7854391886878926,-0.9598489855264027,-0.9956761025786794,-0.7855251048766506,0.9175848959352688,0.9920411869004571,0.87102636970458,-0.9956893204538729,0.9178276386226951,0.8463273307669162,0.786329389994052,-0.9561810915003939,-0.8214050270895041,0.8676477634540898,0.4588849730939891,0.4949036829963747,-0.893913158416496,-0.9603595267992863,0.7855118870014571,0.8462744592661421,-0.8216032952174072,-0.9703836983958483,0.842917118966984,0.4949111096424559,-0.9603661357478025,0.846797964443857,0.452111559050955,-0.9566304992569741,-0.9602257613096159,0.45867348709089256,0.4513581389200978,-0.9174527171833334,-0.9703770894582515,-0.9990813561562355,0.8215702505294233,0.45143083735377704,-0.7855184959390539,0.4592616825370049,-0.8468508360319873,-0.9704431788342192,0.7854524065630862,0.4909589584297138,0.480879517416033,-0.9599349018571145,0.7855581495646344,0.9738021280814222,-0.9174461082457366,0.8434987054754995,-0.8462744592661421,0.47748331240499636,0.45918898422344046,0.4588783641563924,0.9602257613096159,-0.8462546324533518,0.8433731356611609,-0.8213984181519073,0.48085308166564594,0.9175716780600752,0.45885853734360205,-0.8463273307669162,0.4775229660960941,-0.9603463089022537,-0.7863380042010532,-0.9704365698966224,-0.9738021280814222,0.8468508360319873,0.4513250941775164,0.8679451656459444,0.9174527171833334,0.9099383551358082,-0.842917118966984,0.45925507359940815,0.4514440552508096,0.785571367439828,0.8038576496238082,0.8679385567083475,-0.9990879651047518,0.4521181679994713,-0.9990483114136541,-0.8467899563986899,0.8434788786627092,0.8214116360271009,0.9177038568120106
-0.8211360084065548,-0.665103652925941,-0.820990612019655,0.6305940433743857,-0.6728581294754825,0.782037598183867,0.9560374197428466,-0.8531364313778621,0.9311548108029516,0.8532487831313755,0.9272357172833346,-0.9560374197428466,0.7863380042010532,1.0,-0.7863359989468615,-0.9989095270982516,0.6406704106306896,0.6728581294754825,-0.8207262549525645,0.9991144038252467,-0.629946368560014,0.9560109840361376,-0.6440432091626159,0.6658901164999563,0.7862190433243113,0.8241146915041789,0.906382746708747,0.8241080825665822,-0.9311001733206593,-0.8531430403045394,0.9064224003343276,0.6649913009867959,-0.8528786832374489,0.9562092518364556,0.6266792897383319,0.6692827001430832,-0.6650904350507474,0.9064488360847147,-0.930882078379966,-0.9991144038252467,-0.8246367975743236,-0.782037598183867,-0.9989359628049607,0.8531232135245076,0.7786670455784628,0.9064290092719244,-0.7820243803305125,0.85288339686291,0.9310821126095017,0.9999917388293689,-0.8213739297669362,-0.9562092518364556,0.9030602634979066,0.6725607277750058,0.6301842899203954,-0.8877653694986516,-0.8241477361921629,0.9989359628049607,0.9311746375829834,-0.9560109840361376,-0.8073299605777524,0.9277710403441929,0.6301820266646189,-0.8241146915041789,0.9306573745016758,0.6657315019976339,-0.8209840030929777,-0.8242554217982229,0.6723492421213333,0.665017736737183,-0.8532553920580528,-0.8073365695044297,-0.7857035461917634,0.9560440286695239,0.6650904350507474,-0.9989293538782834,0.6726730795285192,-0.9306045030009017,-0.807270480237657,0.9991276216786013,0.6272080047460733,0.6440498180892932,-0.8245508813855656,0.9992069287987284,0.8106787213699497,-0.85326200098473,0.9272092815766255,-0.9311746375829834,0.6406836285058832,0.6728647384021598,0.6725541188483284,0.8242554217982229,-0.9311548108029516,0.9273084154767844,-0.9562158607631328,0.6440762537960023,0.8531364313778621,0.6725342920682966,-0.9310821126095017,0.6406439748803026,-0.8241345183169693,-0.999973564293291,-0.8072770891643343,-0.8106787213699497,0.9306045030009017,0.6649846920491992,0.9027628617974298,0.8532553920580528,0.8745229181054851,-0.9277710403441929,0.6726796884551964,0.665103652925941,0.9992201466520829,0.9668396008247883,0.9027694707241071,-0.7857101551293602,0.6657381109352307,-0.7854325797502959,-0.9306591413021569,0.9272291083566573,0.9562026429097782,0.8530042528443168
0.9564238979630567,0.45144810562500587,0.9566353843155792,-0.49433282664997935,0.4591864384401516,-0.99568105215004,-0.8215749124359177,0.9175698896355695,-0.8462527261958833,-0.917457537510792,-0.8434703588705096,0.8215749124359177,-0.9999983477615059,-0.7863359989468615,1.0,0.7855429251249022,-0.4774940147617626,-0.4591864384401516,0.9569922675354608,-0.7854437908971572,0.49513911836897123,-0.8216013482299831,0.4808836164192536,-0.45227422555448943,-0.9998793864916603,-0.96037102698404,-0.8710707670865883,-0.9603776359434758,0.846353258796441,0.9175632806870532,-0.8710311133299731,-0.45132914435516025,0.9178276386277062,-0.8214030797744932,-0.4914802251679188,-0.45564404203540027,0.45143488770613416,-0.8710046774922295,0.8471793787259245,0.7854437908971572,0.9598538759081833,0.99568105215004,0.7855297072278695,-0.9175831075326021,-0.9920395215175437,-0.8710245043705371,0.9956942700470726,-0.9178258506156382,-0.8463254246295628,-0.7863306891998856,0.9561859758164689,0.8214030797744932,-0.8676458925432342,-0.45888903575691686,-0.4949011962223835,0.8939113308969489,0.960364418024604,-0.7855164893308368,-0.8462725530414322,0.8216013482299831,0.970388606178056,-0.8429152071951381,-0.49490862287527543,0.96037102698404,-0.8467960590786442,-0.4521090015685927,0.9566353843155792,0.9602306523084612,-0.4586775494043944,-0.4513555801929037,0.9174509285622756,0.9703819972295397,0.9990863113593561,-0.8215683034874014,-0.45143488770613416,0.7855230982793532,-0.4592657458223475,0.8468489307541311,0.970448086714703,-0.7854570087941899,-0.49095646513262625,-0.4808770074707373,0.9599397923808495,-0.7855627519704511,-0.97380704151716,0.9174443196137593,-0.8434967946645748,0.8462725530414322,-0.4774807968428909,-0.45919304738866795,-0.4588824268084006,-0.9602306523084612,0.8462527261958833,-0.8433712246427647,0.8213964708259769,-0.480850571676672,-0.9175698896355695,-0.45886259996285156,0.8463254246295628,-0.4775204505995061,0.9603512001057324,0.7863359989468615,0.9704414777661866,0.97380704151716,-0.8468489307541311,-0.45132914435516025,-0.867943295226469,-0.9174509285622756,-0.9099431630477279,0.8429152071951381,-0.4592591368738312,-0.45144810562500587,-0.785579274341742,-0.8038556733053774,-0.8679366862779526,0.9990929203187919,-0.45211561052802857,0.9990532665621767,0.8467880510257058,-0.8434769678190259,-0.8214096887230096,-0.917702068605896
0.8222132634549486,0.6659033343751499,0.8220678670680488,-0.6295167883259919,0.6735388489232407,-0.7831148532322608,-0.9549469468410983,0.8520459584761136,-0.9300643379012031,-0.8521583102296272,-0.9261452443815862,0.9549469468410983,-0.7855383227518442,-0.9989095270982516,0.7855429251249022,1.0,-0.6395931538024164,-0.6735388489232407,0.8218035100009583,-0.9997951232730048,0.6288691135116201,-0.9549205111343892,0.6429659541142221,-0.6648128596716831,-0.7854193618751023,-0.8251919483324521,-0.9053054898804739,-0.8251853393948554,0.9300229164923861,0.8520525674027909,-0.9053451435060544,-0.6657777645608113,0.8517882103357004,-0.9551187789347071,-0.6256020329100587,-0.6682054450946894,0.6658901164999563,-0.9053715792564415,0.9298048215516928,0.9997951232730048,0.8257140544025968,0.7831148532322608,0.999973564293291,-0.8520327406227591,-0.7775765726767144,-0.9053517524436512,0.7831016353789063,-0.8517929221594434,-0.9299916397077532,-0.9989210909386925,0.8224511848153301,0.9551187789347071,-0.9019697905961582,-0.6732414472227638,-0.6291070348720016,0.8860338278482983,0.825198557270049,-0.999973564293291,-0.9300841646812349,0.9549205111343892,0.8084072156261463,-0.9266805674424445,-0.6291179877115393,0.8251919483324521,-0.9295801176734027,-0.6650375635499732,0.8220612581413715,0.8253326768466167,-0.6730299615690913,-0.6657513288104242,0.8521649191563044,0.8084138245528235,0.7862388701371016,-0.9549535557677755,-0.6658901164999563,0.9999801732199682,-0.673723898870204,0.9295272461726285,0.8083477352860509,-0.9997819054196503,-0.6261307479178001,-0.6429725630408993,0.8256281382138388,-0.9997025982995231,-0.8117559781982229,0.8521715280829817,-0.9261188086748772,0.9300841646812349,-0.63960637167761,-0.6735454578499179,-0.6732348382960865,-0.8253326768466167,0.9300643379012031,-0.9262179425750361,0.9551253878613843,-0.6429989987476084,-0.8520459584761136,-0.6732150115160548,0.9299916397077532,-0.6395667180520295,0.8252117751452425,0.9988830913915425,0.8083543442127281,0.8117559781982229,-0.9295272461726285,-0.665784373498408,-0.9016723888956814,-0.8521649191563044,-0.875600173153879,0.9266805674424445,-0.6737172899435268,-0.6659033343751499,-0.9996893804461686,-0.9657491243195944,-0.9016789978223586,0.7862322611995048,-0.6650309546123765,0.7865098365785691,0.9295686684004084,-0.9261386354549089,-0.9551121700080298,-0.8519137799425684
-0.46517668168611226,-0.9737096028021942,-0.4648726705566609,0.9869456960133489,-0.9660548442699652,0.4799344393396952,0.6594728380934947,-0.5678465272519031,0.635845886185049,0.5679588791910481,0.6386745114764657,-0.6594728380934947,0.47749653030202893,0.6406704106306896,-0.4774940147617626,-0.6395931538024164,1.0,0.9660548442699652,-0.4643770002369033,0.6397980308679163,-0.9859080928106563,0.6594464023431076,-0.9965617002166464,0.9747802524618333,0.47761549137532217,0.46095433216575243,0.6076531623818651,0.46094772321723615,-0.6357742383186835,-0.5678531361894998,0.6076928160729628,0.9738351728240037,-0.5675887786856292,0.6596446704710106,0.9898470028418479,0.9713882569105571,-0.9737228206992268,0.6077192518670279,-0.6349481197541471,-0.6397980308679163,-0.4614714823871522,-0.4799344393396952,-0.63960637167761,0.5678333093767096,0.4854727290457868,0.6076994250214791,-0.47994765721488875,0.5675930209503668,0.6358194504346619,0.6406615557464808,-0.4654146034395959,-0.6596446704710106,0.6110954148851528,0.9663522464618198,0.98614601456414,-0.5914480206199194,-0.46098737690833386,0.6396195895528035,0.6358062325594684,-0.6594464023431076,-0.45481386753438,0.639209835421804,0.9861410349613376,-0.46095433216575243,0.635331438768092,0.9745753750578283,-0.4648726705566609,-0.4610923582513096,0.9665637324649164,0.9738616086180689,-0.5679654881286449,-0.4548204764719768,-0.47681580860485095,0.6594794470310914,0.9737228206992268,-0.6396129806152068,0.9658697940172557,-0.6352785671799617,-0.4547543870960091,0.6398112487431098,0.9903707620117639,0.9965683091542431,-0.46138556605644043,0.6398773381190775,0.4513515299715815,-0.5679720970662417,0.6386480757260786,-0.6358062325594684,0.9999867821029674,0.9660482353323685,0.9663588553994166,0.4610923582513096,-0.635845886185049,0.638780254478014,-0.6596512794086073,0.9965947449046302,0.5678465272519031,0.9663786822122069,-0.6358194504346619,0.9999735642059349,-0.4609741590113013,-0.6406968463810767,-0.4547609960336059,-0.4513515299715815,0.6352785671799617,0.9738285638754874,0.6107980126932984,0.5679654881286449,0.5139638590254536,-0.639209835421804,0.9658764029548526,0.9737096028021942,0.639890555994271,0.6736413218588962,0.6108046216308951,-0.47682241755336724,0.9745819840063445,-0.476544841715683,-0.6353369979900979,0.638667902538869,0.6596380615334139,0.5677143484999677
