1.0,0.49495655449714887,0.9999537375132591,-0.45165735358749065,0.49597681588521614,-0.9608090648038305,-0.777966499350673,0.8631159106605292,-0.7900343994633552,-0.8630035589070157,-0.7938543590828132,0.777966499350673,-0.9564983205050387,-0.8212681869401,0.9565032053452527,0.8224379669619756,-0.4650048493085963,-0.49597681588521614,0.9996629447394596,-0.8222330902349804,0.4515317839806226,-0.777992935057382,0.46166987750354405,-0.4938264261681015,-0.9563661417531034,-0.996343605275953,-0.8263022498487091,-0.9963369963383563,0.7900984896936141,0.8631093017338519,-0.8262625962231286,-0.49481776680761674,0.8633736588009424,-0.7777946672570641,-0.4552632752909603,-0.4905112335231197,0.49494333662195533,-0.8262361604727415,0.7909246068932101,0.8222330902349804,0.9960660298968887,0.9608090648038305,0.8224247491086211,-0.8631291285138837,-0.9551386057147389,-0.8262559872855318,0.960795846950476,-0.8633717808289809,-0.7901070976568051,-0.8212794572751655,0.9997885143463275,0.7777946672570641,-0.8295161274333241,-0.49542827497100334,-0.4513202983269502,0.8351978798539589,0.9963502142135497,-0.8224115312552664,-0.7900145726833233,0.777992935057382,0.9897032922368243,-0.7933190360219549,-0.4513416165512713,0.996343605275953,-0.7905412885125975,-0.493985040670424,0.9999471285865819,0.9964245706676007,-0.4952828785841035,-0.49477811318203613,0.8629969499803385,0.9897099011635015,0.9572253036406833,-0.7779598904239957,-0.49494333662195533,0.8224181401819437,-0.4961618658321795,0.7905941600133717,0.9896438118967289,-0.8222198723816259,-0.4549790909742992,-0.4616764864302213,0.9961519460856467,-0.8221537831148532,-0.986344282692043,0.8629903410536611,-0.7938807947895222,0.7900145726833233,-0.46501806718378985,-0.49598342481189345,-0.4954216660443261,-0.9964245706676007,0.7900343994633552,-0.7937552251826542,0.7777880583303869,-0.46170292213693037,-0.8631159106605292,-0.49540183926429426,0.7901070976568051,-0.46497841355820924,0.9963634320887433,0.8212417512333909,0.9896504208234062,0.986344282692043,-0.7905941600133717,-0.4948243757452135,-0.829813529133801,-0.8629969499803385,-0.9480670541700675,0.7933190360219549,-0.4961552569055023,-0.49495655449714887,-0.8221339563348214,-0.7911737492608129,-0.8298069202071238,0.9572186947030864,-0.4939784317328272,0.9574962700821507,0.7905300689641499,-0.7938609680094905,-0.7778012761837414,-0.8632480891940745
0.49495655449714887,1.0,0.4948243757452135,-0.9571592142647155,0.9922592818411504,-0.45547476129405684,-0.6297194010328451,0.5336320573134352,-0.6052398961744164,-0.5337444092525803,-0.607731465648398,0.6297194010328451,-0.4514440552508096,-0.665103652925941,0.45144810562500587,0.6659033343751499,-0.9737096028021942,-0.9922592818411504,0.4941634819855367,-0.6660024684391014,0.9561546557500068,-0.629692965282458,0.9706084022741384,-0.9989293503403609,-0.4513250941775164,-0.49107791950300705,-0.5804242944947459,-0.49107131055449077,0.6051417619456745,0.533638666251032,-0.5804639481858437,-0.9998744299781904,0.5333743087471612,-0.629891233410361,-0.9597531557729165,-0.9958479349561954,0.9999867821029674,-0.5804903839799088,0.6043156433811381,0.6660024684391014,0.49156532945608356,0.45547476129405684,0.6659165522503434,-0.5336188394382416,-0.4591625484730534,-0.5804705571343599,0.4554615434188633,-0.533378494481528,-0.6051671978608519,-0.6651146652567577,0.49516804050024543,0.629891233410361,-0.5835559719194207,-0.9927020806601338,-0.9563661417531034,0.5614169585618928,0.49108452845152334,-0.665929770125537,-0.6052200693616261,0.629692965282458,0.48076716547688797,-0.6082866164065265,-0.9563428662078782,0.49107791950300705,-0.6046989623950829,-0.9990945740532681,0.4948243757452135,0.4911564153790073,-0.9927681700361015,-0.9998479941841253,0.533751018190177,0.48077377441448477,0.45236269909457405,-0.6297260099704418,-0.9999867821029674,0.6659231611879401,-0.9921799745899892,0.6046460908069526,0.4807076850385171,-0.6659892505639079,-0.9602471746745093,-0.9706150112117352,0.49147941312537174,-0.6658835075623596,-0.47764192716938736,0.5337576271277737,-0.6077050298980109,0.6052200693616261,-0.9737228206992268,-0.9922526729035536,-0.9927086895977306,-0.4911564153790073,0.6052398961744164,-0.6078305997123495,0.6298978423479579,-0.9706414469621223,-0.5336320573134352,-0.9927285164105208,0.6051671978608519,-0.973683167008129,0.49109774634855596,0.6650772171755539,0.4807142939761138,0.47764192716938736,-0.6046460908069526,-0.9998810389267068,-0.5832585697275661,-0.533751018190177,-0.5415033019911859,0.6082866164065265,-0.9921865835275859,-1.0,-0.665870289687166,-0.6473508812230123,-0.5832651786651628,0.45235609014605777,-0.9990879651047518,0.45239574383715553,0.6047045722290783,-0.6077248567108012,-0.6298846244727643,-0.5334998785614998
0.9999537375132591,0.4948243757452135,1.0,-0.45156482861400893,0.4959900337385707,-0.9609015897773122,-0.7780325886174456,0.8631026928071747,-0.7900343994633552,-0.8629903410536611,-0.7938411412294586,0.7780325886174456,-0.9566569350073612,-0.8213342762068726,0.9566618201096445,0.8224511848153301,-0.464899106307048,-0.4959900337385707,0.9997554697129413,-0.8222463080883349,0.45159787324739525,-0.7780590243241546,0.4615773525300624,-0.49372068316655326,-0.9564983205050387,-0.9964493482775013,-0.8263022498487091,-0.9964427393399045,0.7900984896936141,0.8630960838804974,-0.8262625962231286,-0.4946591523052943,0.8633604409475879,-0.7778607565238368,-0.45519057697739584,-0.490418708549638,0.49481115787001995,-0.8262361604727415,0.7909246068932101,0.8222463080883349,0.9961387282104531,0.9609015897773122,0.8224379669619756,-0.8631159106605292,-0.9551253878613843,-0.8262559872855318,0.9608883719239577,-0.8633585629537873,-0.7901070976568051,-0.8213455466511331,0.999722425079555,0.7778607565238368,-0.8295029095799696,-0.495494364237776,-0.45136656081369103,0.8354093658570555,0.996455957215098,-0.8224247491086211,-0.7900145726833233,0.7780590243241546,0.989795817210306,-0.7933058181686004,-0.4513944881394019,0.9964493482775013,-0.7905412885125975,-0.49387929766887567,0.9999933910733227,0.9965303134944369,-0.49538862141093976,-0.49463271655490726,0.8629837321269839,0.9898024261369832,0.9573310466422315,-0.7780259796907684,-0.49481115787001995,0.8224313580352983,-0.49617508368553404,0.7905941600133717,0.9897363368702106,-0.8222330902349804,-0.454873347972751,-0.46158396145673963,0.9962246443992112,-0.8221670009682077,-0.9864500256935913,0.8629771232003066,-0.7938675769361677,0.7900145726833233,-0.46491232418224154,-0.49599664266524796,-0.4954877553110987,-0.9965303134944369,0.7900343994633552,-0.7937420073292997,0.7778541475971594,-0.46161039716344865,-0.8631026928071747,-0.4954679285310669,0.7901070976568051,-0.4648726705566609,0.9964691750902915,0.8213078405001636,0.9897429457968878,0.9864500256935913,-0.7905941600133717,-0.4946657612428911,-0.8298003112804465,-0.8629837321269839,-0.948080272023422,0.7933058181686004,-0.4961684747588568,-0.4948243757452135,-0.8221537831148532,-0.7910680060845516,-0.8297937023537693,0.9573244377046347,-0.49387268873127893,0.957602013083699,0.7905300689641499,-0.7938477501561358,-0.777867365450514,-0.8632348713407199
-0.45165735358749065,-0.9571592142647155,-0.45156482861400893,1.0,-0.9556871466289517,0.4900089550956477,0.6730167437157368,-0.5877285449456581,0.6605192633690325,0.5878408966991716,0.6568909626232152,-0.6730167437157368,0.4940445211087949,0.6303032506005862,-0.49404203291526094,-0.6292259955521924,0.9872364892676067,0.9556871466289517,-0.4513202983269502,0.6294308722791875,-0.9994514590857871,0.6729903080090278,-0.9903840116845823,0.9581835995922146,0.4941634819855367,0.4544569849041546,0.6244917313938017,0.45446359384175133,-0.6604641787330098,-0.5877351538723353,0.6245313850193822,0.9572847840790542,-0.5874707968052448,0.6731885758093457,0.9964063901831223,0.9613113432313025,-0.9571724321399091,0.6245578207697693,-0.6596380615334139,-0.6294308722791875,-0.45490969712953316,-0.4900089550956477,-0.6292392134055469,0.5877153270923036,0.49583802842499364,0.624537993956979,-0.49002217294900224,0.587475071914304,0.6604465651755826,0.6302943786037639,-0.45186883924116306,-0.6731885758093457,0.6214605067064084,0.9561299447163284,0.9996629447394596,-0.6151731293823587,-0.4544503759665578,0.6292524312589014,0.6605390901490643,-0.6729903080090278,-0.46088341522894977,0.6574262856840735,0.999643116785578,-0.4544569849041546,0.6600213799140263,0.9580249850898921,-0.4515582196873317,-0.4544991920587137,0.9561960339831009,0.9573112198294412,-0.5878475056258489,-0.46087680630227246,-0.49341006309950514,0.6730233526424141,0.9571724321399091,-0.6292458223322241,0.9555020966819884,-0.6599685084132523,-0.4609428955690451,0.629444090132542,0.9968657113460977,0.9903774027579051,-0.4548237809407752,0.6295101793993146,0.4640597712322585,-0.5878541145525261,0.6568645269165061,-0.6605390901490643,0.9872232713924132,0.9556805377022745,0.9561365536430056,0.4544991920587137,-0.6605192633690325,0.6569900965233741,-0.6731951847360229,0.9903509670511961,0.5877285449456581,0.9561563804230374,-0.6604465651755826,0.9872629250179937,-0.45443715809136426,-0.6303296863072952,-0.46093628664236785,-0.4640597712322585,0.6599685084132523,0.9572781751414574,0.6211631050059315,0.5878475056258489,0.5035969083441004,-0.6574262856840735,0.9555087056086656,0.9571592142647155,0.6295233972526691,0.6610699887683968,0.6211697139326088,-0.49341667203710193,0.9580315940274889,-0.4931390966580377,-0.6600235938682378,0.6568843536965379,0.6731819668826684,0.5875963664121129
0.49597681588521614,0.9922592818411504,0.4959900337385707,-0.9556871466289517,1.0,-0.456944494929301,-0.6286972814180113,0.5259945608533446,-0.6037221475046345,-0.526106912606858,-0.6000938467588172,0.6286972814180113,-0.4591823752858437,-0.6728581294754825,0.4591864384401516,0.6735388489232407,-0.9660548442699652,-1.0,0.4956331516979985,-0.6737437256502358,0.9551319967880616,-0.6286708457113023,0.9691363124171819,-0.9912745501392319,-0.45906341440910187,-0.4987302578649034,-0.5789627602896669,-0.49872364892730664,0.6036801869015792,0.5260011697800219,-0.5790024139152475,-0.9921337120268118,0.5257368127129314,-0.6288691135116201,-0.9520934635967928,-0.9943758033976492,0.9922460639659568,-0.5790288496656345,0.6034620919608858,0.6737437256502358,0.4992226237158626,0.456944494929301,0.6735520667765952,-0.5259813429999901,-0.45152517505394535,-0.5790090228528443,0.4569312770759465,-0.5257409858228942,-0.6036494493111846,-0.6728691546021434,0.4961883015388886,0.6288691135116201,-0.5759183929733892,-0.9995572019126234,-0.9553434824417341,0.5676746948743872,0.4987368668025002,-0.6735652846299497,-0.6037419742846662,0.6286708457113023,0.48223685732318644,-0.6006291698196754,-0.9554094243658006,0.4987302578649034,-0.6032373880825957,-0.9913538573903932,0.49598342481189345,0.498812045429762,-0.9994911126458508,-0.9921072762764247,0.5261135215335353,0.4822434662498637,0.4601472801749718,-0.6287038903446885,-0.9922460639659568,0.6735586757032724,-0.9998149500530367,0.6031845165818216,0.48217737698309104,-0.6737305077968813,-0.9525924383853488,-0.9691429213438592,0.4991367075271046,-0.6736512006767541,-0.48529428773067407,0.5261201304602126,-0.600067411052108,0.6037419742846662,-0.9660680621451588,-0.9999933910733227,-0.9995505929859461,-0.498812045429762,0.6037221475046345,-0.6001665449522671,0.6288757224382974,-0.9691693570505682,-0.5259945608533446,-0.9995307662059143,0.6036494493111846,-0.9660284085195782,0.4987500846776937,0.6728316937687735,0.4821839859097683,0.48529428773067407,-0.6031845165818216,-0.9921403209644085,-0.5756209912729123,-0.5261135215335353,-0.5491390220771196,0.6006291698196754,-0.9998215589797139,-0.9922592818411504,-0.6736379828233996,-0.6396966492665949,-0.5756276001995896,0.46014067123737507,-0.9913472484527964,0.4600481461110203,0.6032264780038398,-0.6000872378321399,-0.6288625045849429,-0.5258623823197993
-0.9608090648038305,-0.45547476129405684,-0.9609015897773122,0.4900089550956477,-0.456944494929301,1.0,0.8171574345468424,-0.9197015408712548,0.8419739542199649,0.9195891891177413,0.8456022549657822,-0.8171574345468424,0.9959668958329372,0.7823283909576665,-0.9959718458847583,-0.7834056460060604,0.4796436460854374,0.456944494929301,-0.9613113432313025,0.7832007692790652,-0.4907227191767921,0.8171838702535514,-0.47655978930741755,0.4544503759665578,0.9958479349561954,0.9582166442801984,0.8667489479409294,0.9582232532177952,-0.842031521329017,-0.9196949319445775,0.8667092943153487,0.45534919147971825,-0.919959289011668,0.8169856024532336,0.4936050267586098,0.4513202983269502,-0.4554615434188633,0.8666828585649616,-0.8428576385286131,-0.7832007692790652,-0.9577242784292392,-1.0,-0.7833924281527058,0.9197147587246093,0.9941709266706541,0.866702685377752,-0.9999867821466455,0.9199575045325085,0.8420466524134148,0.7823395969550084,-0.9605975791501581,-0.8169856024532336,0.8697777087512103,0.4565016968419244,0.4905112335231197,-0.8853200625878473,-0.9581835995922146,0.7833792102993513,0.8419541274399331,-0.8171838702535514,-0.9747076376061146,0.845066931904924,0.4905359857273494,-0.9582166442801984,0.8424743201480005,0.45460899046888026,-0.9609081987039895,-0.958132449499539,0.4564356075751518,0.4553227557293312,-0.9195825801910641,-0.9747010286794373,-0.9966013538422269,0.8171508256201652,0.4554615434188633,-0.7833858192260286,0.4571295448762644,-0.8425271916487747,-0.97476711794621,0.7831875514257107,0.4931060519700538,0.4765531803807403,-0.9578101946179972,0.7831214621589381,0.9716526144144277,-0.9195759712643868,0.8456286906724914,-0.8419541274399331,0.47965686396063095,0.45695110385597826,0.4564950879152471,0.958132449499539,-0.8419739542199649,0.8455031210656233,-0.8169789935265563,0.4765267446740312,0.9197015408712548,0.45647526113521536,-0.8420466524134148,0.4796700818358245,-0.9581968174674081,-0.7823019552509575,-0.9747605090195327,-0.9716526144144277,0.8425271916487747,0.45535580041731505,0.8700751104516871,0.9195825801910641,0.9078054728521815,-0.845066931904924,0.4571229359495871,0.45547476129405684,0.7831082443055836,0.806004229731451,0.8700685015250098,-0.9965947449046302,0.45460238153128346,-0.9968723202836944,-0.8424696237207596,0.8456088638924596,0.8169922113799108,0.9198337194048001
-0.777966499350673,-0.6297194010328451,-0.7780325886174456,0.6730167437157368,-0.6286972814180113,0.8171574345468424,1.0,-0.9148505886901438,0.9879320998873178,0.9149629404436572,0.9841121402678598,-1.0,0.8214711164654718,0.9559316769160104,-0.8214691692596565,-0.9547486790407804,0.6596711062213977,0.6286972814180113,-0.7783035546112134,0.9549535557677755,-0.6735652846299497,0.999973564293291,-0.6630042197996834,0.6308495293618924,0.8216032952174072,0.7816258316945576,0.9516671871218013,0.7816324406321543,-0.9878709472768964,-0.914857197616821,0.951706840747382,0.6298581887223772,-0.9145928405497306,0.9998281679063912,0.6701958393442508,0.6341628637801078,-0.6297326189080387,0.951733276497769,-0.9870448300773004,-0.9549535557677755,-0.7811334658435983,-0.8171574345468424,-0.9547751147474894,0.9148373708367893,0.822827893635934,0.9517134496849787,-0.8171706524001969,0.9145976561415297,0.9878594016938679,0.95592334293412,-0.7777550136970005,-0.9998281679063912,0.9484503719173487,0.6292458223322241,0.6733537989762772,-0.9427715571165516,-0.7816192227569607,0.9547751147474894,0.9879519266673495,-0.999973564293291,-0.7882632071138487,0.9846474633287181,0.6733262837919255,-0.7816258316945576,0.9874281484579129,0.63069091485957,-0.7780391975441229,-0.7815419286830723,0.629391218719124,0.6298978423479579,-0.9149695493703345,-0.7882565981871714,-0.8207441333298273,0.9999933910733227,0.6297326189080387,-0.9547685058208122,0.628512231471048,-0.9873752769571388,-0.7883226874539441,0.95496677362113,0.6696968645556948,0.6629976108730061,-0.7811797284067756,0.9550460807412572,0.7916251542784675,-0.9149761582970117,0.9840857045611507,-0.9879519266673495,0.6596578883462041,0.6287038903446885,0.6292524312589014,0.7815419286830723,-0.9879320998873178,0.9842112741680188,-0.9998215589797139,0.6629711751662971,0.9148505886901438,0.6292722580389332,-0.9878594016938679,0.6596975419717848,-0.7816060048817672,-0.9559581126227195,-0.7883160785272668,-0.7916251542784675,0.9873752769571388,0.6298515797847805,0.948152970216872,0.9149695493703345,0.829132809686043,-0.9846474633287181,0.6285188403977252,0.6297194010328451,0.9550659075212891,0.9860319873162023,0.9481595791435492,-0.8207507422674241,0.6306975237971668,-0.8204731668883598,-0.9874364303865231,0.9841055313411825,0.9998347768330684,0.9147184101565985
0.8631159106605292,0.5336320573134352,0.8631026928071747,-0.5877285449456581,0.5259945608533446,-0.9197015408712548,-0.9148505886901438,1.0,-0.9518209245227529,-0.9998612125397774,-0.9554492252685702,0.9148505886901438,-0.9175716780600752,-0.8531364313778621,0.9175698896355695,0.8520459584761136,-0.5678465272519031,-0.5259945608533446,0.8635917533812921,-0.8522508352031088,0.5884158733200935,-0.9148770243968528,0.5647625247421693,-0.5347225320169019,-0.917690638936817,-0.8604968929743868,-0.978796875956534,-0.8605035019119835,0.9518654552497043,0.9999933910733227,-0.9787572223309533,-0.5337576271277737,0.9997422518595868,-0.914678756596535,-0.5913247780644214,-0.5316187574556954,0.5336452751886287,-0.9787307865805662,0.9520835501903977,0.8522508352031088,0.8600045271234276,0.9197015408712548,0.8520723941828228,-0.9999867821466455,-0.9255306142006008,-0.9787506133933566,0.9197147587246093,-0.9997405992006917,-0.9518936227162028,-0.8531279275539905,0.8629044250068567,0.914678756596535,-0.9818386694908814,-0.5264373589407212,-0.588204387666421,0.9828679815161431,0.8604902840367901,-0.8520723941828228,-0.9518010977427211,0.9148770243968528,0.8865049021713629,-0.954913902207712,-0.588143546364985,0.8604968929743868,-0.9523082540686878,-0.5344978281386118,0.8631093017338519,0.8604128596495286,-0.5265034482074938,-0.5337840628781608,0.9998810393198093,0.8864982932446855,0.9168711306748178,-0.9148439797634665,-0.5336452751886287,0.8520657852561455,-0.5258095109063813,0.952361125569462,0.8865643825114582,-0.8522640530564634,-0.5908258032758654,-0.564755915815492,0.8600904433121855,-0.8523433601765905,-0.883449733247962,0.999874430393132,-0.9554756609752794,0.9518010977427211,-0.5678333093767096,-0.5260011697800219,-0.5264439678673984,-0.8604128596495286,0.9518209245227529,-0.9553765270751203,0.9146721476698577,-0.564729480108783,-1.0,-0.5264637946474303,0.9518936227162028,-0.5678729630022902,0.8604770661615965,0.8531628670845711,0.8865577735847809,0.883449733247962,-0.952361125569462,-0.533751018190177,-0.9816470106172407,-0.9998810393198093,-0.7957445121125104,0.954913902207712,-0.5258161198330585,-0.5336320573134352,-0.852356578029945,-0.894207256630353,-0.9816404016905634,0.9168777396124146,-0.5345044370762085,0.9166001642333503,0.9523165940235476,-0.9554558341952475,-0.9146853655232122,-0.9996166822527187
-0.7900343994633552,-0.6052398961744164,-0.7900343994633552,0.6605192633690325,-0.6037221475046345,0.8419739542199649,0.9879320998873178,-0.9518209245227529,1.0,0.9519332762762663,0.9963716992541827,-0.9879320998873178,0.845963839199094,0.930864018029152,-0.8459619324611649,-0.9297735451274036,0.6361366794393069,0.6037221475046345,-0.7908010349579176,0.9299784218543987,-0.6614973845172675,0.9879585355940268,-0.639218692688214,0.6062841083147058,0.8460828000758358,0.7938721930613686,0.9762127813561977,0.7938788019989654,-0.9998992137030142,-0.9518275334494302,0.9762524349817783,0.6053654659887551,-0.9515631763823397,0.987760267793709,0.6579494779774396,0.6093463441069853,-0.60525311404961,0.9762788707321653,-0.9990730965034181,-0.9299784218543987,-0.7933798272104094,-0.8419739542199649,-0.9297999808341126,0.9518077066693984,0.8478030275493108,0.976259043919375,-0.8419871720733194,0.9515680530578499,0.9999273018065501,0.9308556426295789,-0.7898229138096827,-0.987760267793709,0.9732272380304077,0.6041649455920112,0.661285898863595,-0.9706744916501061,-0.7938655841237718,0.9297999808341126,0.9999801732199682,-0.9879585355940268,-0.8120487342253181,0.9969268490950727,0.6612319080070468,-0.7938721930613686,0.9994564148840307,0.606105666999593,-0.7900410083900324,-0.7937882698160406,0.6042310348587837,0.6053919017391421,-0.9519398852029436,-0.8120421252986408,-0.8453095543770139,0.9879254909606405,0.60525311404961,-0.9297933719074354,0.6035370975576712,-0.9994035433832565,-0.8121082145654135,0.9299916397077532,0.6574505031888837,0.6392120837615367,-0.7934657433991674,0.9300709468278804,0.8151595810605583,-0.9519464941296208,0.9963452635474735,-0.9999801732199682,0.6361234615641133,0.6037287564313117,0.6041715545186884,0.7937882698160406,-1.0,0.9964708331543416,-0.9877536588670317,0.6391856480548277,0.9518209245227529,0.6041913812987202,-0.9999273018065501,0.6361631151896939,-0.7938523662485784,-0.930890453735861,-0.8121016056387362,-0.8151595810605583,0.9994035433832565,0.6053588570511582,0.9729298363299308,0.9519398852029436,0.804355943572984,-0.9969268490950727,0.6035437064843484,0.6052398961744164,0.9300841646812349,0.9624975216495614,0.972936445256608,-0.8453161633146107,0.6061122759371899,-0.8450385879355464,-0.9994646769391416,0.9963650903275053,0.9877668767203862,0.9516887459892076
-0.8630035589070157,-0.5337444092525803,-0.8629903410536611,0.5878408966991716,-0.526106912606858,0.9195891891177413,0.9149629404436572,-0.9998612125397774,0.9519332762762663,1.0,0.9555615770220838,-0.9149629404436572,0.9174593261209302,0.8532487831313755,-0.917457537510792,-0.8521583102296272,0.5679588791910481,0.526106912606858,-0.8634794016277786,0.8523631869566223,-0.5885282250736069,0.9149893761503664,-0.5648748764956827,0.534834883956047,0.917578286997672,0.8603845410352418,0.978909227895679,0.8603911499728385,-0.9519778071888494,-0.9998678214664547,0.9788695742700984,0.5338699790669188,-0.9996299001060732,0.9147911083500484,0.5914371300035665,0.5317311092092089,-0.5337576271277737,0.9788431385197114,-0.9521959021295427,-0.8523631869566223,-0.8598921751842825,-0.9195891891177413,-0.8521847459363362,0.999874430393132,0.9254182624470872,0.9788629653325016,-0.9196024069710959,0.9996348561991435,0.9520059744697162,0.8532402794931355,-0.8627920732533433,-0.9147911083500484,0.9819510212443948,0.5265497106942347,0.5883167394199345,-0.9829803334552881,-0.860377932097645,0.8521847459363362,0.9519134494962346,-0.9149893761503664,-0.8863925504178494,0.9550262539612254,0.5882558984897626,-0.8603845410352418,0.9524206060078328,0.5346101800777568,-0.8629969499803385,-0.8603005078960152,0.5266157999610074,0.5338964148173059,-0.9999801732199682,-0.8863859414911721,-0.9167587787356728,0.91495633151698,0.5337576271277737,-0.8521781370096589,0.5259218626598947,-0.952473477508607,-0.8864520307579448,0.8523764048099768,0.5909381552150105,0.5648682675690054,-0.8599780913730405,0.8524557119301039,0.883337381308817,-0.9999867821466455,0.9555880127287928,-0.9519134494962346,0.5679456613158547,0.5261135215335353,0.526556319620912,0.8603005078960152,-0.9519332762762663,0.9554888788286339,-0.9147844994233711,0.5648418318622964,0.9998612125397774,0.5265761464009437,-0.9520059744697162,0.5679853149414352,-0.8603647142224514,-0.8532752188380845,-0.8864454218312675,-0.883337381308817,0.952473477508607,0.5338633701293221,0.9817593623707542,0.9999801732199682,0.7956321603589969,-0.9550262539612254,0.525928471586572,0.5337444092525803,0.8524689297834586,0.8943196087551306,0.9817527534440769,-0.9167653876732695,0.5346167890153536,-0.9164878122942053,-0.952428945777061,0.955568185948761,0.9147977172767257,0.9997554697129413
-0.7938543590828132,-0.607731465648398,-0.7938411412294586,0.6568909626232152,-0.6000938467588172,0.8456022549657822,0.9841121402678598,-0.9554492252685702,0.9963716992541827,0.9555615770220838,1.0,-0.9841121402678598,0.8434722697251125,0.9272357172833346,-0.8434703588705096,-0.9261452443815862,0.6386745114764657,0.6000938467588172,-0.7944293357037351,0.9263501211085814,-0.6576774248978094,0.9841385759745689,-0.6355903919423966,0.6088219403518647,0.8435912306018543,0.7913343610242097,0.9737212118822162,0.7913409699618065,-0.9964163035895174,-0.9554558341952475,0.9737608655077967,0.6078570354627366,-0.955191477128157,0.9839403081742509,0.6604873100145985,0.605718043361168,-0.6077446835235915,0.9737873012581838,-0.9965815270294366,-0.9263501211085814,-0.7908419951732505,-0.8456022549657822,-0.9261716800882953,0.9554360074152157,0.8514313282951282,0.9737674744453935,-0.8456154728191368,0.9551963597984754,0.9964443974476325,0.9272273358889532,-0.7936428734291407,-0.9839403081742509,0.976855538776225,0.6005366448461937,0.6574659392441371,-0.9677467322947378,-0.791327752086613,0.9261716800882953,0.9963518724741508,-0.9841385759745689,-0.8156770349711355,0.9994646769391416,0.6574053268160934,-0.7913343610242097,0.9968591024085008,0.6085972364735746,-0.7938477501561358,-0.7912504419719716,0.6006027341129664,0.6078834712131236,-0.955568185948761,-0.8156704260444583,-0.842771722339855,0.9841055313411825,0.6077446835235915,-0.926165071161618,0.5999087968118537,-0.996911973909275,-0.8157365153112309,0.9263633389619359,0.6599883352260425,0.6355837830157194,-0.7909279113620085,0.9264426460820631,0.8126217490233995,-0.9555747948754383,0.999973564293291,-0.9963518724741508,0.6386612936012722,0.6001004556854944,0.600543253772871,0.7912504419719716,-0.9963716992541827,0.9999273018065501,-0.9839336992475737,0.6355573473090103,0.9554492252685702,0.6005630805529028,-0.9964443974476325,0.6387009472268528,-0.7913145342114194,-0.9272621529900437,-0.8157299063845537,-0.8126217490233995,0.996911973909275,0.6078504265251398,0.9765581370757482,0.955568185948761,0.8007276428271667,-0.9994646769391416,0.5999154057385311,0.607731465648398,0.9264558639354176,0.965035357879831,0.9765647460024255,-0.8427783312774518,0.6086038454111713,-0.8425007558983876,-0.9968673687549774,0.9999933910733227,0.9839469171009282,0.955317046735025
0.777966499350673,0.6297194010328451,0.7780325886174456,-0.6730167437157368,0.6286972814180113,-0.8171574345468424,-1.0,0.9148505886901438,-0.9879320998873178,-0.9149629404436572,-0.9841121402678598,1.0,-0.8214711164654718,-0.9559316769160104,0.8214691692596565,0.9547486790407804,-0.6596711062213977,-0.6286972814180113,0.7783035546112134,-0.9549535557677755,0.6735652846299497,-0.999973564293291,0.6630042197996834,-0.6308495293618924,-0.8216032952174072,-0.7816258316945576,-0.9516671871218013,-0.7816324406321543,0.9878709472768964,0.914857197616821,-0.951706840747382,-0.6298581887223772,0.9145928405497306,-0.9998281679063912,-0.6701958393442508,-0.6341628637801078,0.6297326189080387,-0.951733276497769,0.9870448300773004,0.9549535557677755,0.7811334658435983,0.8171574345468424,0.9547751147474894,-0.9148373708367893,-0.822827893635934,-0.9517134496849787,0.8171706524001969,-0.9145976561415297,-0.9878594016938679,-0.95592334293412,0.7777550136970005,0.9998281679063912,-0.9484503719173487,-0.6292458223322241,-0.6733537989762772,0.9427715571165516,0.7816192227569607,-0.9547751147474894,-0.9879519266673495,0.999973564293291,0.7882632071138487,-0.9846474633287181,-0.6733262837919255,0.7816258316945576,-0.9874281484579129,-0.63069091485957,0.7780391975441229,0.7815419286830723,-0.629391218719124,-0.6298978423479579,0.9149695493703345,0.7882565981871714,0.8207441333298273,-0.9999933910733227,-0.6297326189080387,0.9547685058208122,-0.628512231471048,0.9873752769571388,0.7883226874539441,-0.95496677362113,-0.6696968645556948,-0.6629976108730061,0.7811797284067756,-0.9550460807412572,-0.7916251542784675,0.9149761582970117,-0.9840857045611507,0.9879519266673495,-0.6596578883462041,-0.6287038903446885,-0.6292524312589014,-0.7815419286830723,0.9879320998873178,-0.9842112741680188,0.9998215589797139,-0.6629711751662971,-0.9148505886901438,-0.6292722580389332,0.9878594016938679,-0.6596975419717848,0.7816060048817672,0.9559581126227195,0.7883160785272668,0.7916251542784675,-0.9873752769571388,-0.6298515797847805,-0.948152970216872,-0.9149695493703345,-0.829132809686043,0.9846474633287181,-0.6285188403977252,-0.6297194010328451,-0.9550659075212891,-0.9860319873162023,-0.9481595791435492,0.8207507422674241,-0.6306975237971668,0.8204731668883598,0.9874364303865231,-0.9841055313411825,-0.9998347768330684,-0.9147184101565985
-0.9564983205050387,-0.4514440552508096,-0.9566569350073612,0.4940445211087949,-0.4591823752858437,0.9959668958329372,0.8214711164654718,-0.9175716780600752,0.845963839199094,0.9174593261209302,0.8434722697251125,-0.8214711164654718,1.0,0.7863380042010532,-0.9999983477615059,-0.7855383227518442,0.47749653030202893,0.4591823752858437,-0.9572781751414574,0.7854391886878926,-0.4950358617483101,0.8214975522158589,-0.480595333099372,0.4522767827638623,0.9998810389267068,0.9603661357478025,0.8707818386094772,0.9603727446963188,-0.8460643711585487,-0.9175650691224785,0.8707421849183795,0.45133170312603266,-0.9178294266263491,0.8212992840879558,0.4914529773313066,0.45535580041731505,-0.45143083735377704,0.8707157491243144,-0.846890489723085,-0.7854391886878926,-0.9598787257947261,-0.9959668958329372,-0.7855251048766506,0.9175848959352688,0.9920411869004571,0.8707355759698632,-0.9959801137081308,0.9178276386226951,0.8460365375126584,0.786329389994052,-0.9562868345019422,-0.8212992840879558,0.8676477634540898,0.45873957646686025,0.4948243757452135,-0.8897891745423303,-0.9603595267992863,0.7855118870014571,0.8459836660118842,-0.8214975522158589,-0.9706744916501061,0.842917118966984,0.4948656646389423,-0.9603661357478025,0.8465071707091402,0.452111559050955,-0.9566569350073612,-0.9602852417479868,0.45867348709089256,0.4513581389200978,-0.9174527171833334,-0.9706678827125094,-0.9990813561562355,0.821464507527875,0.45143083735377704,-0.7855184959390539,0.4592616825370049,-0.8465600422972706,-0.970733972088477,0.7854524065630862,0.4909589584297138,0.4805887241617752,-0.9599646421254379,0.7855581495646344,0.9738021280814222,-0.9174461082457366,0.8434987054754995,-0.8459836660118842,0.47748331240499636,0.45918898422344046,0.45873296752926346,0.9602852417479868,-0.845963839199094,0.8433731356611609,-0.8212926751503591,0.48056228841138815,0.9175716780600752,0.4587131407164732,-0.8460365375126584,0.4775229660960941,-0.9603463089022537,-0.7863380042010532,-0.9707273631508803,-0.9738021280814222,0.8465600422972706,0.4513250941775164,0.8679451656459444,0.9174527171833334,0.9099383551358082,-0.842917118966984,0.45925507359940815,0.4514440552508096,0.785571367439828,0.8038576496238082,0.8679385567083475,-0.9990879651047518,0.4521181679994713,-0.9990483114136541,-0.8464991631444322,0.8434788786627092,0.8213058930255526,0.9177038568120106
-0.8212681869401,-0.665103652925941,-0.8213342762068726,0.6303032506005862,-0.6728581294754825,0.7823283909576665,0.9559316769160104,-0.8531364313778621,0.930864018029152,0.8532487831313755,0.9272357172833346,-0.9559316769160104,0.7863380042010532,1.0,-0.7863359989468615,-0.9989095270982516,0.6406704106306896,0.6728581294754825,-0.821017047726364,0.9991144038252467,-0.6298406257331778,0.9559052412093014,-0.6437524163888164,0.6658901164999563,0.7862190433243113,0.8241146915041789,0.9060919534544892,0.8241080825665822,-0.9308093800664016,-0.8531430403045394,0.9061316070800698,0.6649913009867959,-0.8528786832374489,0.9561035090096193,0.6267090299575173,0.6689919073692837,-0.6650904350507474,0.9061580428304569,-0.9305912851257082,-0.9991144038252467,-0.8246070573551382,-0.7823283909576665,-0.9989359628049607,0.8531232135245076,0.7786670455784628,0.9061382160176666,-0.782315173104312,0.85288339686291,0.9307913198357021,0.9999917388293689,-0.8214796725937724,-0.9561035090096193,0.9030602634979066,0.6724153313881059,0.6300521113868502,-0.8948038880392095,-0.8241477361921629,0.9989359628049607,0.9308838448091837,-0.9559052412093014,-0.8076207533515519,0.9277710403441929,0.6301103694436623,-0.8241146915041789,0.9303665812474181,0.6657315019976339,-0.8213276672801954,-0.8241959414581275,0.6723492421213333,0.665017736737183,-0.8532553920580528,-0.8076273622782292,-0.7857035461917634,0.9559382858426877,0.6650904350507474,-0.9989293538782834,0.6726730795285192,-0.930313709746644,-0.8075612730114565,0.9991276216786013,0.6272080047460733,0.6437590253154937,-0.8245211411663802,0.9992069287987284,0.8106787213699497,-0.85326200098473,0.9272092815766255,-0.9308838448091837,0.6406836285058832,0.6728647384021598,0.6724087224614287,0.8241959414581275,-0.930864018029152,0.9273084154767844,-0.9561101179362965,0.6437854610222027,0.8531364313778621,0.6723888956813968,-0.9307913198357021,0.6406439748803026,-0.8241345183169693,-0.999973564293291,-0.8075678819381339,-0.8106787213699497,0.930313709746644,0.6649846920491992,0.9027628617974298,0.8532553920580528,0.8745229181054851,-0.9277710403441929,0.6726796884551964,0.665103652925941,0.9992201466520829,0.9668396008247883,0.9027694707241071,-0.7857101551293602,0.6657381109352307,-0.7854325797502959,-0.9303683485283573,0.9272291083566573,0.956096900082942,0.8530042528443168
0.9565032053452527,0.45144810562500587,0.9566618201096445,-0.49404203291526094,0.4591864384401516,-0.9959718458847583,-0.8214691692596565,0.9175698896355695,-0.8459619324611649,-0.917457537510792,-0.8434703588705096,0.8214691692596565,-0.9999983477615059,-0.7863359989468615,1.0,0.7855429251249022,-0.4774940147617626,-0.4591864384401516,0.9572830612701793,-0.7854437908971572,0.49503337519271,-0.8214956050537218,0.48059282268453524,-0.45227422555448943,-0.9998793864916603,-0.96037102698404,-0.8707799728714101,-0.9603776359434758,0.8460624645812628,0.9175632806870532,-0.8707403191147948,-0.45132914435516025,0.9178276386277062,-0.821297336598232,-0.4914504848504574,-0.45535324830068186,0.45143488770613416,-0.8707138832770513,0.8468885845107463,0.7854437908971572,0.9598836162256447,0.9959718458847583,0.7855297072278695,-0.9175831075326021,-0.9920395215175437,-0.8707337101553589,0.995985063781791,-0.9178258506156382,-0.8460346308948445,-0.7863306891998856,0.9562917189927301,0.821297336598232,-0.8676458925432342,-0.4587436388895577,-0.4948218888401876,0.8897873402089671,0.960364418024604,-0.7855164893308368,-0.8459817593067138,0.8214956050537218,0.9706793999127744,-0.8429152071951381,-0.494863177791216,0.96037102698404,-0.846505264863466,-0.4521090015685927,0.9566618201096445,0.9602901328451081,-0.4586775494043944,-0.4513555801929037,0.9174509285622756,0.9706727909642581,0.9990863113593561,-0.8214625603111402,-0.45143488770613416,0.7855230982793532,-0.4592657458223475,0.846558136538953,0.9707388804494214,-0.7854570087941899,-0.49095646513262625,-0.4805862137360189,0.959969532698311,-0.7855627519704511,-0.97380704151716,0.9174443196137593,-0.8434967946645748,0.8459817593067138,-0.4774807968428909,-0.45919304738866795,-0.4587370299410414,-0.9602901328451081,0.8459619324611649,-0.8433712246427647,0.8212907276497157,-0.4805597779419536,-0.9175698896355695,-0.45871720309549235,0.8460346308948445,-0.4775204505995061,0.9603512001057324,0.7863359989468615,0.970732271500905,0.97380704151716,-0.846558136538953,-0.45132914435516025,-0.867943295226469,-0.9174509285622756,-0.9099431630477279,0.8429152071951381,-0.4592591368738312,-0.45144810562500587,-0.785579274341742,-0.8038556733053774,-0.8679366862779526,0.9990929203187919,-0.45211561052802857,0.9990532665621767,0.8464972572909873,-0.8434769678190259,-0.8213039455467483,-0.917702068605896
0.8224379669619756,0.6659033343751499,0.8224511848153301,-0.6292259955521924,0.6735388489232407,-0.7834056460060604,-0.9547486790407804,0.8520459584761136,-0.9297735451274036,-0.8521583102296272,-0.9261452443815862,0.9547486790407804,-0.7855383227518442,-0.9989095270982516,0.7855429251249022,1.0,-0.6395931538024164,-0.6735388489232407,0.8220943027747578,-0.9997951232730048,0.6286708457113023,-0.9547222433340713,0.6426751613404225,-0.6648128596716831,-0.7854193618751023,-0.8251919483324521,-0.905014696626216,-0.8251853393948554,0.9297321232381284,0.8520525674027909,-0.9050543502517966,-0.6657777645608113,0.8517882103357004,-0.9549205111343892,-0.6256317731292441,-0.6679146523208899,0.6658901164999563,-0.9050807860021837,0.929514028297435,0.9997951232730048,0.8256843141834114,0.7834056460060604,0.999973564293291,-0.8520327406227591,-0.7775765726767144,-0.9050609591893934,0.7833924281527058,-0.8517929221594434,-0.9297008469339537,-0.9989210909386925,0.8226494526156479,0.9549205111343892,-0.9019697905961582,-0.673096050835864,-0.6288823313649746,0.8937266312109363,0.825198557270049,-0.999973564293291,-0.9297933719074354,0.9547222433340713,0.8086980083999458,-0.9266805674424445,-0.6289471945047888,0.8251919483324521,-0.9292893244191449,-0.6650375635499732,0.8224445758886528,0.8252731965065213,-0.6730299615690913,-0.6657513288104242,0.8521649191563044,0.808704617326623,0.7862388701371016,-0.9547552879674577,-0.6658901164999563,0.9999801732199682,-0.673723898870204,0.9292364529183708,0.8086385280598505,-0.9997819054196503,-0.6261307479178001,-0.6426817702670997,0.8255983979946534,-0.9997025982995231,-0.8117559781982229,0.8521715280829817,-0.9261188086748772,0.9297933719074354,-0.63960637167761,-0.6735454578499179,-0.6730894419091867,-0.8252731965065213,0.9297735451274036,-0.9262179425750361,0.9549271200610665,-0.6427082059738088,-0.8520459584761136,-0.673069615129155,0.9297008469339537,-0.6395667180520295,0.8252117751452425,0.9988830913915425,0.8086451369865277,0.8117559781982229,-0.9292364529183708,-0.665784373498408,-0.9016723888956814,-0.8521649191563044,-0.875600173153879,0.9266805674424445,-0.6737172899435268,-0.6659033343751499,-0.9996893804461686,-0.9657491243195944,-0.9016789978223586,0.7862322611995048,-0.6650309546123765,0.7865098365785691,0.9292778756266089,-0.9261386354549089,-0.954913902207712,-0.8519137799425684
-0.4650048493085963,-0.9737096028021942,-0.464899106307048,0.9872364892676067,-0.9660548442699652,0.4796436460854374,0.6596711062213977,-0.5678465272519031,0.6361366794393069,0.5679588791910481,0.6386745114764657,-0.6596711062213977,0.47749653030202893,0.6406704106306896,-0.4774940147617626,-0.6395931538024164,1.0,0.9660548442699652,-0.4640862069826455,0.6397980308679163,-0.9861063609385594,0.6596446704710106,-0.9968524934709041,0.9747802524618333,0.47761549137532217,0.46095433216575243,0.6079439561165818,0.46094772321723615,-0.6360650320534003,-0.5678531361894998,0.6079836098076796,0.9738351728240037,-0.5675887786856292,0.6598429385989136,0.9898767431101712,0.9716790501648148,-0.9737228206992268,0.6080100456017448,-0.635238913488864,-0.6397980308679163,-0.4614417421188289,-0.4796436460854374,-0.63960637167761,0.5678333093767096,0.4854727290457868,0.6079902187561959,-0.47965686396063095,0.5675930209503668,0.6361102436889198,0.6406615557464808,-0.4652163353116929,-0.6598429385989136,0.6110954148851528,0.9664976430889487,0.9863178469416559,-0.5947524948780649,-0.46098737690833386,0.6396195895528035,0.6360970258137262,-0.6596446704710106,-0.45452307428012223,0.639209835421804,0.9862880614117973,-0.46095433216575243,0.6356222325028088,0.9745753750578283,-0.464899106307048,-0.4610328778129387,0.9665637324649164,0.9738616086180689,-0.5679654881286449,-0.454529683217719,-0.47681580860485095,0.6596777151589944,0.9737228206992268,-0.6396129806152068,0.9658697940172557,-0.6355693609146785,-0.45446359384175133,0.6398112487431098,0.9903707620117639,0.9968591024085008,-0.4613558257881171,0.6398773381190775,0.4513515299715815,-0.5679720970662417,0.6386480757260786,-0.6360970258137262,0.9999867821029674,0.9660482353323685,0.9665042520265454,0.4610328778129387,-0.6361366794393069,0.638780254478014,-0.6598495475365104,0.9968855381588879,0.5678465272519031,0.9665240788393358,-0.6361102436889198,0.9999735642059349,-0.4609741590113013,-0.6406968463810767,-0.45447020277934813,-0.4513515299715815,0.6355693609146785,0.9738285638754874,0.6107980126932984,0.5679654881286449,0.5139638590254536,-0.639209835421804,0.9658764029548526,0.9737096028021942,0.639890555994271,0.6736413218588962,0.6108046216308951,-0.47682241755336724,0.9745819840063445,-0.476544841715683,-0.6356277912443556,0.638667902538869,0.6598363296613169,0.5677143484999677
