1.0,0.7223127278014414,0.9834512476001335,-0.6241569487907317,0.8652836386106715,-0.9101252061159008,-0.9296545844472128,0.9635451604482174,-0.9219485759415242,-0.9272357172833346,-0.8749921518995708,0.8725204133222744,-0.9195429266310005,-0.8540286364792926,0.8657726991847889,0.9881039319809266,-0.5837896246460094,-0.8722031848417657,0.9975679149827672,-0.9085787172734212,0.5993734737509955,-0.9100392900690963,0.5976683706682616,-0.6135760571804336,-0.8866569074849399,-0.9198138926247683,-0.9217238724344973,-0.9235545451240991,0.9521579797832933,0.9060276715759977,-0.9179766110084892,-0.6182551772679358,0.9204946120725264,-0.8441482910967845,-0.6928369148208485,-0.5556554237809008,0.694707241070514,-0.9341156099543654,0.9794131934003258,0.9419273612868903,0.8626466768664435,0.9253786088870237,0.9907127904435067,-0.9367129181385297,-0.9219155313081379,-0.9393366620294031,0.9058161859223253,-0.8877275536066566,-0.90812270133269,-0.8790514852773129,0.3314608041081088,0.8983811434104044,-0.8007276428271667,-0.8384249605942747,-0.6871664557317568,0.9546429362139441,0.9921684218874434,-0.9445841498111499,-0.9433681073025335,0.9548940754276801,0.9018904834760311,-0.8751838107732114,-0.6938612984558242,0.956096900082942,-0.9149166779569164,-0.6230664758889832,0.9895380690698927,0.998869873538188,-0.7265634681070849,-0.615519081623549,0.9313413995429414,0.9695328480178177,0.9841782295346324,-0.9003704303402605,-0.6787797277783102,0.9416035238797044,-0.9134693230145958,0.929229843980774,0.9367856163319797,-0.899451789532121,-0.6126375895922622,-0.5898235747023505,0.9239907342847985,-0.9125176375730699,-0.9092726545745338,0.9077327746587316,-0.7547427310067708,0.9287161168590415,-0.5914493706649572,-0.894119862997944,-0.8282472135112897,-0.9776353921241421,0.9273084154767844,-0.9120550127056616,0.8660833187386202,-0.47328176167549507,-0.9338512528872749,-0.7594152421675958,0.9338446439605976,-0.5221812101605638,0.9920494612072527,0.8780058224644026,0.30430472439123524,0.4715105693259886,-0.9300180754144624,-0.6607175311693504,-0.7841458457939139,-0.9240634324782484,-0.9150224207837526,0.9236801147309671,-0.8964447278939663,-0.6588075513596214,-0.8923009308673225,-0.8970461402215973,-0.8332964334927186,0.9823739925517396,-0.6385379732404559,0.9777940063643964,0.942475902201103,-0.8906222634912977,-0.9067744802905284,-0.900330776780197
0.7223127278014414,1.0,0.7293908882727901,-0.8935037555225843,0.8893401317159086,-0.568423870121373,-0.7684099913753507,0.6825798606177363,-0.7302632665941887,-0.6592701762270299,-0.7016796587150264,0.7693550678901993,-0.5877549806523672,-0.8425489308408868,0.5339318817927374,0.7767041943553157,-0.92722249942998,-0.8878927767735881,0.7112295577636714,-0.8122668288056678,0.7835642602463146,-0.755575455768106,0.9265748246156083,-0.9549932093278392,-0.5707237766050605,-0.5905637744902039,-0.6939207787959196,-0.5972718350676258,0.7337197352463973,0.663043873359747,-0.6978530901688911,-0.9525412975305746,0.6392385194682457,-0.8168666417730428,-0.7707561603457791,-0.8804246896282809,0.968587771502969,-0.7011377267274909,0.7387557373744716,0.8495543931187856,0.6857521454228226,0.5909735279441942,0.7581409719444424,-0.6638038999276322,-0.6292326044788696,-0.7006024036666325,0.5695870412165712,-0.630323077380618,-0.722352381361505,-0.802050753337369,-0.015355841134620532,0.7989101879909193,-0.6676304684737675,-0.9079442603124039,-0.8402225886504903,0.6955994461719445,0.7434943378020693,-0.7982955578099339,-0.7299196024069711,0.752033071069093,0.5732549955224522,-0.7426946576741205,-0.8399251869500134,0.6304883005475496,-0.7135625088807452,-0.9594410169816371,0.6898298531826939,0.7275403888031564,-0.9676409892931895,-0.9504330499205277,0.6811633712860872,0.6444661804699607,0.7157831082443056,-0.7654227565172278,-0.9664134346261496,0.8519468245759547,-0.8871790126924437,0.706607781033644,0.6003714216792622,-0.8020560370892965,-0.8649531922768083,-0.9245657109057204,0.7659382527980544,-0.7861483505771245,-0.5773855746957416,0.6737305077968813,-0.684027215560057,0.743890873402705,-0.9340891742476564,-0.8775843011308304,-0.9007867927209282,-0.7094451475608103,0.7341823601138057,-0.7130271858198869,0.8263240158482061,-0.8341291582540538,-0.6691108680494744,-0.9771265047699929,0.727077763935748,-0.8688987215031343,0.7340501815802605,0.8502615482732527,-0.294649082515754,-0.14438852558150295,-0.7137475588277086,-0.977681654610883,-0.6403356012966714,-0.6602813420086511,-0.7750916162460636,0.7364161773307206,-0.8837159351135578,-0.9730025345233807,-0.8005227661001715,-0.8172301327402923,-0.6600632474283014,0.6986197256634537,-0.9687199500365143,0.6941917447896875,0.7215923547936197,-0.7038672134452004,-0.7869414217783961,-0.6404479530501849
0.9834512476001335,0.7293908882727901,1.0,-0.6464951209598805,0.8819381338373742,-0.8991081253449034,-0.9183665376824477,0.9425552093212302,-0.9092660456478565,-0.9046001434137089,-0.8794333506266915,0.8527266779238718,-0.9040846471328824,-0.8338185387002224,0.8544119542265738,0.9734321147574029,-0.5895393908552281,-0.8599634526354747,0.9808605483426465,-0.8697777087512103,0.6171250508061238,-0.902743035017398,0.6024135800225364,-0.6161601475112435,-0.8667243846263147,-0.9001192911265246,-0.875626608860588,-0.8985661933573678,0.9391978745691806,0.8687797608229435,-0.8826651157718731,-0.6230532580356287,0.8897300583898672,-0.8631489552939154,-0.7141969658417625,-0.5390339731875845,0.72325780431629,-0.9175536397011443,0.9676426949881205,0.9379752231338869,0.8694935249040879,0.9312209000697241,0.9727166533675073,-0.9019962263028672,-0.8992601306584804,-0.9277379957108066,0.9002448607333926,-0.8616355110848223,-0.8724146704954382,-0.8448469287452401,0.33531380836095315,0.8849980668889469,-0.8102378883157481,-0.8161066152051576,-0.7219624546875465,0.9385898533148724,0.9725134739492632,-0.9089884707274115,-0.8999078054728522,0.9352787810495636,0.9064506428833425,-0.8806626109886624,-0.7278179637236014,0.9561828161297464,-0.8889832496753365,-0.6391063409347005,0.9680194038087244,0.9862269968045839,-0.7070340575086356,-0.6291995598454833,0.9121193045427416,0.9699029479117444,0.9644439744763251,-0.877411019063449,-0.6891689605149676,0.9412069882790686,-0.9140905621222586,0.9093898133152765,0.9344064027281649,-0.865323292170735,-0.6123666235984945,-0.6102980295485112,0.9544777130470126,-0.8723221455219565,-0.9152801689241659,0.8923670201340951,-0.7547427310067708,0.9140310817821632,-0.6064912877824077,-0.8782683261720959,-0.8016000211485653,-0.9374399000730287,0.9232240987902359,-0.9038665525525327,0.8846610116284065,-0.47225076911384206,-0.8999144143995295,-0.7482924185697621,0.9145664048430214,-0.5240977988969702,0.9863657842648065,0.8925785057877675,0.3053819794396291,0.4635269858998549,-0.9024059797568575,-0.6733273632695682,-0.780656332508319,-0.8945347480842374,-0.9095832741283651,0.9248234590461336,-0.8719916991880934,-0.668496237868489,-0.863063039247111,-0.8937879393697067,-0.8461375780266406,0.9642258798959755,-0.6394037426351773,0.9833719404800063,0.925761926634305,-0.9023531083434395,-0.9077724282187951,-0.8948718033447778
-0.6241569487907317,-0.8935037555225843,-0.6464951209598805,1.0,-0.8400838011902677,0.5677629774536467,0.7469045439675369,-0.6593032208604162,0.7362311273837573,0.6770547979155446,0.7799161327204656,-0.7814031412228497,0.6037816278447299,0.8120487342253181,-0.5567525056093265,-0.6536724153313881,0.9508031498144544,0.8070523856573073,-0.6229871687688561,0.7354116204757767,-0.9475383400358864,0.7613847023174202,-0.9562224696898101,0.9440686535303234,0.6107804811959514,0.5314997967755046,0.6716685226735752,0.5406135066634503,-0.7091543547870108,-0.6759511071604416,0.6940595662561422,0.9122532805059794,-0.6515311230879549,0.8611001880239639,0.9430707056020567,0.878263570604816,-0.9186771572362791,0.7072377660506045,-0.68010812204044,-0.7411746045383499,-0.502030592721589,-0.5862349275165967,-0.6548102326189748,0.6551726416871269,0.6588868584797486,0.7056119700879978,-0.5628591538591176,0.6852102134352871,0.7124389913456105,0.7657643814623143,0.3039346244973085,-0.7763407033880663,0.824308293211641,0.8166287204126614,0.9745886769259239,-0.6828772623182132,-0.6482266597493234,0.6980844026025953,0.6792225258656868,-0.704534715039604,-0.5212956139858106,0.7982360774698385,0.97288357384319,-0.5647096533287511,0.7178913558543525,0.9427138235614845,-0.5852303706616527,-0.6291070348720016,0.8757073628533484,0.9177981699882031,-0.6925968333284959,-0.5858251740626064,-0.657591508851005,0.7542999329193942,0.9187630732830835,-0.7085463335327026,0.7408838117645504,-0.7099915570831892,-0.5638174482273206,0.7507178946603177,0.9652965260176921,0.9720706758618867,-0.6441291252094203,0.7281219743507555,0.5608103865891659,-0.7135228553206816,0.8530306885510258,-0.7330786693587028,0.9519795387630072,0.7819133204800169,0.8205544228589556,0.629391218719124,-0.7398528192028974,0.7401370030500196,-0.8396343941762138,0.852984426064285,0.6621781039650255,0.8663807204390971,-0.7159152867778509,0.9016261264089406,-0.6492113898242355,-0.8306660806751679,0.38129211125467166,0.18648077958899084,0.702499165623007,0.9276586885906795,0.8058627788554,0.6733670168296317,0.7074690784843087,-0.7489070487507477,0.7629245822332225,0.8956252209859857,0.7621447288853054,0.7947928266709845,0.7957973835259284,-0.6494955736713579,0.9435068947627561,-0.6600235938682378,-0.7094121029274241,0.7714831422802779,0.7815815822431358,0.7072377660506045
0.8652836386106715,0.8893401317159086,0.8819381338373742,-0.8400838011902677,1.0,-0.7061340752955017,-0.9442537034772868,0.8624814536995119,-0.9168464845466772,-0.8413064526255614,-0.8926512039812174,0.9209836726466438,-0.7522049031627018,-0.9497060679860287,0.6947865481906411,0.9037079383122784,-0.7843176778875227,-0.9707554994531113,0.8614041986511181,-0.9128150392735468,0.767286473840216,-0.9365014324848573,0.8162520115920574,-0.8137207926746657,-0.733812260219879,-0.7127760466061509,-0.8374997108594578,-0.7180962325813476,0.9172033665872494,0.8253591125533257,-0.8594083027945847,-0.7973835259284716,0.8110111327369879,-0.9686406429163872,-0.8301307576143097,-0.721347824506561,0.8532553920580528,-0.8899217172635078,0.9093123081345974,0.9657723687384551,0.7505592804200634,0.7504403197398727,0.9014888284183403,-0.8308313038420996,-0.8075744908648111,-0.8927371200280219,0.7217707958139058,-0.8019106407023967,-0.8763932443551505,-0.9177897730007686,0.07331612809421686,0.9525412975305746,-0.8259473070276022,-0.9400504261105476,-0.8704914728323546,0.8821297927110148,0.8918316970732368,-0.8989429021779718,-0.8754151232069156,0.9219089223814606,0.712954487626437,-0.9272423262100119,-0.8784552294784566,0.767788752267688,-0.8866502985582626,-0.8207989531460144,0.8150029244500547,0.869169687496902,-0.8786549490215069,-0.7998684823591224,0.867968296927533,0.7969737724744813,0.8830748692258634,-0.9234025398105221,-0.8316640286034347,0.9179898288618437,-0.9230390488432726,0.8914068941144707,0.7460982549129108,-0.919457010584196,-0.7794601167797344,-0.8023137852297098,0.8429586842948771,-0.9038467257725009,-0.7151486512832883,0.8616751646448858,-0.8010448713076753,0.9243542252520479,-0.7962996619534004,-0.9646174003426682,-0.9282138384315696,-0.8423969255273097,0.9259734122879774,-0.9052610360814352,0.981329782136732,-0.6773852442494077,-0.8374336215926852,-0.8982555738035365,0.9079706960191131,-0.726978630035589,0.8918250881465596,0.992961493088715,-0.04961651702955182,0.13202983269502117,-0.886934482405385,-0.8424762326474369,-0.7853883240092393,-0.8348759669685845,-0.8412866258455296,0.9288615132459412,-0.9365807396049844,-0.8200323176514518,-0.929231613139868,-0.9723614686356862,-0.8342084653741809,0.8693613463705427,-0.8376847608064212,0.8711127119400174,0.906536558930147,-0.8995773591389891,-0.9619458001923198,-0.8327809372118921
-0.9101252061159008,-0.568423870121373,-0.8991081253449034,0.5677629774536467,-0.7061340752955017,1.0,0.8227023240290661,-0.9131058320473463,0.8462631476335086,0.9097154526619105,0.8380746874803797,-0.7856989435630707,0.9809332465360963,0.7292587097392448,-0.9668958862735897,-0.8634992284078105,0.5029227978230195,0.7149966459697112,-0.9160600222720829,0.7889174908548977,-0.59388145568219,0.8193780339104028,-0.5083817712584388,0.5098621708341456,0.9721235472753047,0.9796841593940936,0.8825197193849733,0.9826713942522165,-0.8626466768664435,-0.8933319234289755,0.8727186811225923,0.5039339636046408,-0.9251208607466105,0.737757789446205,0.6835315460592623,0.4783904619970194,-0.5773789657690642,0.8765915121554684,-0.8780851295845298,-0.7792816757594483,-0.8024988351766731,-0.9874166036064913,-0.8746961954010428,0.9146192762564396,0.9330449638326488,0.8810789733693299,-0.9872249447328506,0.908347404839717,0.8468843867411713,0.7738900702375405,-0.27458438112358363,-0.7821301231573486,0.8157827777979717,0.6866046969641896,0.6369716576179446,-0.8953079925054771,-0.8859894058905363,0.8233764345501469,0.8662749776122609,-0.8519071710158912,-0.953407066925296,0.8069862963905347,0.6401571602763854,-0.9744829340990876,0.8559650519957306,0.513364901973095,-0.9383585408811682,-0.9063845536165699,0.58558161129283,0.5024667818822884,-0.8927154637586308,-0.9652634813843057,-0.899451789532121,0.8083146906526646,0.5669566883990206,-0.7928762379345783,0.7544321114529395,-0.869637053670717,-0.9887449978686211,0.7881045928735944,0.5849263600344986,0.5136623036735719,-0.8605582560364284,0.8083080817259873,0.9857048915970802,-0.8829559085456726,0.77686280859557,-0.8402820689905856,0.5006955895327819,0.7353269193603993,0.685335783042155,0.9075741604184773,-0.8471421348815845,0.8541013346727425,-0.7452390944448667,0.3785560156102848,0.9079376513857267,0.6051496756669233,-0.8568242124637748,0.4429137435934717,-0.8935235823026162,-0.7362179095304027,-0.40985589235380226,-0.5931412558943365,0.8660502741052339,0.53776505926555,0.8256366874737708,0.9070256195042644,0.8375591911995532,-0.8435534876958307,0.7370836789251242,0.5291866724384626,0.7816014090231675,0.7689254876561772,0.8468909956678485,-0.9125639000598108,0.5242167595771609,-0.915861754471765,-0.8666318596528331,0.8484507023636826,0.7955065907521289,0.9078649531922768
-0.9296545844472128,-0.7684099913753507,-0.9183665376824477,0.7469045439675369,-0.9442537034772868,0.8227023240290661,1.0,-0.9657194973250369,0.9926244378281746,0.9561960339831009,0.9599697311158182,-0.975044692866655,0.8802925110947356,0.955568185948761,-0.8198538766311657,-0.9382858426877183,0.6713512941930666,0.9399711189904204,-0.9355761827500405,0.948357846943867,-0.7309505949686241,0.9941973623773631,-0.7158491975110782,0.6950971677444725,0.8683237448822124,0.8184197395421996,0.9453772210124215,0.8262513176547562,-0.9915934452665215,-0.9447890265381451,0.9647281583234475,0.6732877097095046,-0.9377637374802146,0.9489526503448208,0.8171309988401334,0.6347047957676434,-0.7202771783848444,0.9831075834129158,-0.9752627874470047,-0.9595004973217325,-0.7512333909411442,-0.8503474643200571,-0.9534516002729286,0.9508097587411316,0.9330713995393578,0.9819774569511038,-0.83297920501221,0.9260923729681682,0.9682242805357196,0.95897006316623,-0.09995671153026393,-0.9890622263491298,0.886683343191649,0.9019499638161265,0.8073696141378159,-0.977053806576543,-0.9548478129409393,0.9343006599013287,0.9656137544982007,-0.9909986418655679,-0.7992604611048143,0.9742846662987698,0.8170318649399744,-0.8503342464667025,0.9797370308075117,0.6891623515882903,-0.8914946418126964,-0.9275265100571342,0.7939250645621427,0.6688332931290294,-0.9715633937568714,-0.8832334834661176,-0.9655674920114599,0.98522243994964,0.7085132888993163,-0.8949180658315187,0.8770805727295858,-0.9841302885971257,-0.8441020286100436,0.9574979925385217,0.7075285588244041,0.6834324121591033,-0.827625974403627,0.9556408841422109,0.8072308266775934,-0.9639945674622713,0.85145115507516,-0.9955455834195247,0.6736313738967223,0.9435183670649864,0.8973765865554605,0.9316042178170054,-0.9920031987205118,0.9844888490884638,-0.9643977119895843,0.5664808456782576,0.9550989521546753,0.8011043516477706,-0.9909986418655679,0.6229541241354698,-0.9499241625663785,-0.9649594707571517,-0.12310117275403888,-0.3278192855089369,0.9817924070041405,0.7111502506435442,0.8631952177806563,0.9532748883917508,0.8455031210656233,-0.9886326461151077,0.9150290297104299,0.6893077479751901,0.9703060924390574,0.9870465037125645,0.8993262199252531,-0.9594079723482508,0.7206803229121574,-0.940440352784506,-0.990073392130751,0.9596128490752459,0.9929020127486196,0.9374465089997059
0.9635451604482174,0.6825798606177363,0.9425552093212302,-0.6593032208604162,0.8624814536995119,-0.9131058320473463,-0.9657194973250369,1.0,-0.975897244408022,-0.9877668767203862,-0.9460975940202432,0.9307714930556703,-0.9559647215493968,-0.8828171210854501,0.8983943612637589,0.941722484559895,-0.5844967798004765,-0.8625541518929618,0.9717931009414416,-0.9131917480941508,0.6729836990823506,-0.9611659468444027,0.6226633313616702,-0.6036957117979255,-0.9396803262166208,-0.901209764028273,-0.9630296641673909,-0.9081491370393991,0.987509128579973,0.967907052055211,-0.9728307024297719,-0.5892750337881376,0.9796907683207708,-0.8759570551944511,-0.7676830094408518,-0.5564617128355269,0.6493633951378126,-0.988388115828049,0.9839270903208964,0.9133834069677914,0.7752105769262543,0.9300048575611077,0.962360448153372,-0.9868218002055377,-0.9814619606702774,-0.990046956424042,0.9157692294982833,-0.9613642146447207,-0.9602076524761997,-0.9113163186247343,0.17868885503649778,0.935966109423999,-0.8806758288420169,-0.8231186864097336,-0.7328671837050303,0.9969334580217499,0.9706167119928888,-0.9199196354516045,-0.9695791105045585,0.9800674771413749,0.8783759223583294,-0.9383188873211046,-0.7401171762699879,0.9247904144127473,-0.9737493432379114,-0.6003582038259077,0.9453573942323897,0.9590048278209378,-0.7057453146772658,-0.5849263600344986,0.9897842347111607,0.9496664144259651,0.9905161902181276,-0.9483908915772534,-0.6357820508160372,0.8726525918558197,-0.8421590041669282,0.9848572717327702,0.9254446981537964,-0.9153925206776793,-0.6368923504978174,-0.596571288839836,0.8467191635742397,-0.9268259638293443,-0.8928825164149217,0.976703533462648,-0.8366735950248,0.9755800159275133,-0.5858450008426381,-0.8763484298002349,-0.8202107586717379,-0.9661953400457999,0.9765250924423619,-0.9735510754375936,0.8963455939938074,-0.4757204556194051,-0.986379002118161,-0.7168801900727312,0.9829159245392752,-0.5341698031531189,0.9691429213438592,0.8926776396879265,0.27243647995347314,0.4676377382931125,-0.982459908598544,-0.625121852085612,-0.8717339510476801,-0.9837684760806421,-0.8579279032188777,0.9716609224078964,-0.8609680094904187,-0.6106879562224697,-0.9204417406591082,-0.9236206343908717,-0.9042366524464595,0.9940321392104315,-0.6270053961886319,0.9756328873409313,0.9884013336814035,-0.9509551551280314,-0.9446502390779226,-0.9687596035965779
-0.9219485759415242,-0.7302632665941887,-0.9092660456478565,0.7362311273837573,-0.9168464845466772,0.8462631476335086,0.9926244378281746,-0.975897244408022,1.0,0.9786333400524088,0.9779988830913915,-0.9794131934003258,0.9080632209925947,0.9403676545910561,-0.8500368447662258,-0.9181682698821297,0.6478697777087512,0.9093056992079201,-0.9313861232366557,0.9306591413021569,-0.7444592410969496,0.9965369224211142,-0.698150491869368,0.6661500688980606,0.9011238479814686,0.8321464802508749,0.9573922497116856,0.8404472921575171,-0.9915405738531033,-0.9667108363266264,0.9798824271944115,0.6402364673965125,-0.9625207768132417,0.9365146503382118,0.83172350894353,0.6136751910805925,-0.6865518255507714,0.9955720191262338,-0.9684423751160692,-0.9320602337577366,-0.7248769913522194,-0.8707029584860271,-0.9391333369695308,0.9697575515248446,0.9595930222952141,0.9928689681152333,-0.8567515142703249,0.956321603589969,0.9785606418589589,0.9507749805462377,-0.06432137888646194,-0.981554485643759,0.9117179574451211,0.8697975355312421,0.8040056704590891,-0.9862269968045839,-0.9440554356769689,0.9125242464997472,0.9646091976432567,-0.9852356578029945,-0.8117579414515186,0.9837618671539649,0.8128682411332987,-0.858086517459132,0.9924261700278566,0.6577170784578731,-0.8872186662525072,-0.9180427002752618,0.7589571757376433,0.6364825970438271,-0.9895529218952739,-0.8915937757128554,-0.9639416960488532,0.9861741253911659,0.6736247649700451,-0.8614041986511181,0.8399185780233361,-0.9964956108406786,-0.859844491955284,0.9427931306816116,0.6982892793295905,0.663070309066456,-0.8059486949022044,0.9431169680887975,0.8244536895985407,-0.986379002118161,0.8769946566827814,-0.9978587077565668,0.6486562399833455,0.9121589581683223,0.8680726056684764,0.9280948777513788,-0.9961866493072192,0.9972572954289358,-0.9520522369564571,0.5426953185667882,0.9737427343112341,0.7602215312222218,-0.9972242507955495,0.6033256119039987,-0.9418943166535039,-0.9453243495990034,-0.14974175619008595,-0.3616503811698461,0.9918379755535802,0.6753034323460698,0.8954732156724087,0.9755403623674497,0.8254053750400666,-0.9921948575941524,0.8815878607234792,0.6520069658087179,0.9589585653341969,0.9725663453626814,0.9224045918822553,-0.9624018161330509,0.6899818584962709,-0.9432359287689883,-0.9960082082869331,0.9728571381364809,0.9864649181649654,0.9640672656557212
-0.9272357172833346,-0.6592701762270299,-0.9046001434137089,0.6770547979155446,-0.8413064526255614,0.9097154526619105,0.9561960339831009,-0.9877668767203862,0.9786333400524088,1.0,0.965217218897565,-0.9447229372713725,0.9618664930721926,0.8837027172602033,-0.9069198766774282,-0.9006281784806739,0.5894997372951646,0.8424696237207596,-0.9383783676612,0.8985529755040133,-0.7131593643534322,0.9633072390878359,-0.6329402123448141,0.6011512750271792,0.9573327693715902,0.8857845291635412,0.9714296099741921,0.8946338819843963,-0.9739938735249701,-0.9877933124270952,0.9853876631165716,0.5777094121029275,-0.9946599872447716,0.8744832645454215,0.8030143314574997,0.5661503993443945,-0.6269657426285684,0.9908334186986363,-0.955568185948761,-0.8806824377686941,-0.7186844270556241,-0.91927856956391,-0.9259452019951803,0.9940651838438178,0.9951226121121799,0.9890490084957753,-0.9111826343842628,0.9890556174224525,0.972381295415718,0.914703399143078,-0.08389041077783763,-0.9346971955019645,0.9148043262034029,0.8049970094606785,0.7501098734060095,-0.9885070765082397,-0.9362370754177668,0.8905099117377843,0.9607033219769944,-0.9624150339864055,-0.8563285429629801,0.9522835493901612,0.7567254090099498,-0.8971452741217563,0.9842707545081141,0.5913568456914755,-0.9095964919817197,-0.9207589691396169,0.6924150875445847,0.5726800189015303,-0.9970871107555894,-0.9231778363034951,-0.9639218692688214,0.9540481328129905,0.6158032654706712,-0.8247775270057266,0.7951563176382339,-0.989761103429572,-0.9080169585058538,0.9076732943186362,0.6604663919556144,0.6029885566434583,-0.7977668436757528,0.9173487629741491,0.878944290052574,-0.9943097141308765,0.8788121115190287,-0.972910009549899,0.5863737149768192,0.8521696316024592,0.8060015663156225,0.9416431774397679,-0.973788996797975,0.9825722603520575,-0.8902653814507255,0.4841666639129472,0.9947128586581896,0.6927509987740441,-0.9814487428169228,0.5458279498118108,-0.9351267757359866,-0.8775762422303806,-0.23748186675742927,-0.4511088126732778,0.9860022932975571,0.6082162176451733,0.9143945727494126,0.9978190541965032,0.8230724239229927,-0.9685415090162283,0.8302232825877913,0.588904933894211,0.9193380499040054,0.9160468044187283,0.9289672560727775,-0.9703787906325073,0.6214340709996993,-0.9495474537457744,-0.9832397619464611,0.96054470773674,0.9402354760575109,0.9865640520651243
-0.8749921518995708,-0.7016796587150264,-0.8794333506266915,0.7799161327204656,-0.8926512039812174,0.8380746874803797,0.9599697311158182,-0.9460975940202432,0.9779988830913915,0.965217218897565,1.0,-0.9568635355775046,0.8998020626460159,0.9004166928270014,-0.8437583644228259,-0.8598841455153475,0.661887311191226,0.8590249850473034,-0.8864123771978811,0.870299813958714,-0.8125444037261128,0.9766506620492299,-0.7074294249242452,0.6652975173566937,0.8987908968643947,0.7969076832077087,0.9173818076075355,0.802974677897436,-0.9611395111376937,-0.944888160438304,0.9503008713869824,0.635550738382333,-0.9440025642635508,0.945264869258908,0.8966892581810251,0.6074099285905472,-0.6927311719940124,0.9753619213471636,-0.9302031253614257,-0.8823478872913645,-0.6575055928042006,-0.8662815865389382,-0.8863940149473222,0.9410549829654915,0.9531493187848827,0.9760228140148899,-0.8452585907785646,0.9587206439738154,0.9454234834991623,0.9044231967113053,0.04251192085149411,-0.9478952220764587,0.967959923468629,0.8124783144593403,0.8591571635808487,-0.9619193644856107,-0.8928825164149217,0.8497196162857171,0.9127357321534196,-0.9432293198423111,-0.7903450190171866,0.9925186950013383,0.8657066099180163,-0.8297738755737375,0.9668231880801399,0.6642665247950407,-0.8364687182978049,-0.8723948437154064,0.7119279757990422,0.6394433961952409,-0.9724655137388302,-0.8640345514686687,-0.9235941986841627,0.9524421636304156,0.6704590890916361,-0.8044550774731429,0.7851768383555668,-0.9734799856599341,-0.8403349404040037,0.8906619170513612,0.7344136725475099,0.6936498128021519,-0.7701415301647936,0.887615201853143,0.8203693729119922,-0.9835107279402289,0.9336595940136342,-0.969592328357913,0.6665664312787282,0.8571527705504222,0.8110772220037605,0.873941332557886,-0.980649062688974,0.9878527927671906,-0.9508097587411316,0.5537917064579128,0.9455424441793531,0.7143027086685987,-0.967880616348502,0.6187772824754396,-0.9013287247084637,-0.9290399542662274,-0.11257315255715895,-0.3336615766916374,0.9600093846758817,0.6697651517905234,0.950115821440019,0.9574252943450718,0.7978659775759118,-0.9829291423926297,0.8186180073425176,0.6381744822732064,0.9126498161066152,0.9430640966753794,0.9732602826637939,-0.927169628016562,0.6803262166207897,-0.9268590084627306,-0.9681648001956242,0.994118055257236,0.9670941540739076,0.9796907683207708
0.8725204133222744,0.7693550678901993,0.8527266779238718,-0.7814031412228497,0.9209836726466438,-0.7856989435630707,-0.975044692866655,0.9307714930556703,-0.9794131934003258,-0.9447229372713725,-0.9568635355775046,1.0,-0.8524358851500722,-0.9749653857465278,0.7980047650361343,0.886081930864018,-0.7042901847525452,-0.9289606471461003,0.8825131104582961,-0.944637021224568,0.7860029541902247,-0.9854801880900532,0.7633739892472763,-0.7227753526688498,-0.8554826003482905,-0.780431629001292,-0.9517944888160438,-0.7924863112606197,0.958760297533879,0.9562158607631328,-0.9713701296340967,-0.6906824047240608,0.9326021657452721,-0.936970666278943,-0.8508893963075926,-0.6830292676317903,0.7080374461785534,-0.9646885047633839,0.9255570499073098,0.924757369779361,0.6757264036534146,0.8017784621688515,0.903491336510161,-0.9410285472587825,-0.9185978501161519,-0.9560770733029103,0.7978527597225572,-0.9335868958201843,-0.9828894888325661,-0.9785490407966552,-0.015051830507466436,0.9902716599310689,-0.8966231689142525,-0.9031990509581291,-0.820237194378447,0.9453045228189716,0.9054593038817531,-0.9047984112140268,-0.9529378331312103,0.9609676790440849,0.745146569471385,-0.9750513017933322,-0.8299390987406691,0.790959649198172,-0.9823938193317714,-0.7031798850707651,0.8340498511339266,0.8671407470069823,-0.8160650055113156,-0.6822097607238097,0.9568585076040625,0.8258812177608296,0.9189745589367558,-0.9945410265645808,-0.7065570466028465,0.8396608298829229,-0.8268659478357417,0.9720854998270161,0.7940394090297765,-0.9560836822295875,-0.7517356693686162,-0.7094054940007468,0.7472746438614637,-0.9520191923230708,-0.7545114185730667,0.96054470773674,-0.8868882199186441,0.9793603219869077,-0.6976614312952505,-0.9258857215568094,-0.9050892039878263,-0.8954599978190542,0.9682242805357196,-0.974542414439183,0.9494549287722928,-0.6071389625967795,-0.9477564346162362,-0.8011506141345115,0.9754147927605817,-0.6665862580587599,0.8961869797535531,0.9432954091090836,0.03467373381226022,0.2581281536971988,-0.9750711285733641,-0.7159152867778509,-0.8899745886769259,-0.9492963145320384,-0.7868422878782372,0.962051543019156,-0.8958234887863037,-0.6937489467023108,-0.9791884898932989,-0.976174819328467,-0.891032016945288,0.9140641264155495,-0.7465410530002875,0.8833656619996629,0.9661622954124135,-0.9389533442821218,-0.9767299691693571,-0.9213537725405706
-0.9195429266310005,-0.5877549806523672,-0.9040846471328824,0.6037816278447299,-0.7522049031627018,0.9809332465360963,0.8802925110947356,-0.9559647215493968,0.9080632209925947,0.9618664930721926,0.8998020626460159,-0.8524358851500722,1.0,0.7857055524897479,-0.9632279319677088,-0.8740867289447857,0.5240515364102293,0.7557076343016512,-0.9289672560727775,0.827804415423913,-0.6421001847195006,0.8832731370261813,-0.5491456310037969,0.5312023950750279,0.9912563900059811,0.9529444420578876,0.9266276960290264,0.9597318097554367,-0.9140905621222586,-0.9443792730841548,0.9271365833831756,0.5154467138764329,-0.9703259192190892,0.7891421943619247,0.7340435726535832,0.5008872484064225,-0.5800687989267103,0.9333754101665119,-0.91307278741396,-0.8111300934171786,-0.7618407182581513,-0.9788249989260495,-0.8936142792717913,0.9609610701174076,0.9775759117840467,0.9359462826439672,-0.9750116482332687,0.9588792582140697,0.9036947204589239,0.8281924060013849,-0.1905783141288939,-0.8436526215959897,0.867636416507777,0.7215460923068789,0.6786145046113786,-0.9438637768033282,-0.9061201965494794,0.8449347533713787,0.9086712422469029,-0.8997095376725343,-0.9254513070804736,0.8718264760211618,0.6828045641247633,-0.9544975398270444,0.9165226471394913,0.5276203568159513,-0.9315249106968783,-0.9137601157883953,0.6133028000424734,0.5123735629715056,-0.9483924585426028,-0.9617012699052611,-0.9313266428965604,0.8701544175718142,0.5681198594942188,-0.7949580498379161,0.7574061284577078,-0.9280435396821541,-0.9710859457869745,0.8328007639919239,0.6045746990460015,0.5373553058115597,-0.8325892783382515,0.8502218947131891,0.955416180635184,-0.9421586737205944,0.8238654951242643,-0.9001853803932972,0.5203373196176075,0.771758687862583,0.721598963720297,0.9244864037855932,-0.9062655929363792,0.9165623006995549,-0.8017454175354651,0.4081706160511002,0.9562026429097782,0.6225906331682203,-0.9145994494764078,0.4723565119406783,-0.9119030073920845,-0.7883755588673621,-0.36276068085162627,-0.5582857765984516,0.9230192220632408,0.547566097527931,0.8762412390415735,0.9585620297335611,0.827751544010495,-0.9020094441562219,0.7616292326044789,0.5328942803044071,0.8342216832275354,0.8258679999074751,0.8930279128018214,-0.9442801391839958,0.5481410741488528,-0.9386625515083223,-0.9221600615951966,0.9048645004807994,0.8559914877024397,0.9583108905198251
-0.8540286364792926,-0.8425489308408868,-0.8338185387002224,0.8120487342253181,-0.9497060679860287,0.7292587097392448,0.955568185948761,-0.8828171210854501,0.9403676545910561,0.8837027172602033,0.9004166928270014,-0.9749653857465278,0.7857055524897479,1.0,-0.7304813611745384,-0.8907147884647794,0.7660572134782451,0.97901665779969,-0.8556213878085129,0.9705175780927299,-0.7669758542863846,0.9547618968941349,-0.8117645503781958,0.7938807947895222,0.7837427012666008,0.7420403739330714,0.9214529064407295,0.7555952825481378,-0.9248234590461336,-0.9016922156757132,0.9284187151585647,0.764094362255098,-0.8697116194844376,0.9414977810528681,0.8216052422006404,0.7471028117678549,-0.7712187852131874,0.916238463292369,-0.9012560265150138,-0.9434077608625971,-0.7026842155699704,-0.74180245257269,-0.8953028628277655,0.8893930031293268,0.8514908086352236,0.9075014622250274,-0.7381014536334226,0.8637966301082872,0.9488204718112755,0.9891167320138872,-0.010504888953509506,-0.982281467578258,0.834360470687758,0.9665456131596948,0.8229072007560612,-0.8979119096163187,-0.8901398118438575,0.9313596875299467,0.9366071753116935,-0.937248241199388,-0.7005561411798917,0.9345716258950965,0.833706186946709,-0.7531169350441641,0.9386955961417086,0.771859851100882,-0.8149698798166684,-0.851926997795923,0.8970013597901348,0.7519934175090295,-0.9018126663605819,-0.7824870051979208,-0.8884611444678328,0.9734585504641119,0.7807951199685416,-0.8815217714567066,0.8797043166204592,-0.9252578724851164,-0.7441684483231501,0.9784945525921863,0.7954471104120335,0.7601950955155128,-0.7630699786201222,0.9678740074218246,0.7026577798632613,-0.8985331487239815,0.8369974324319859,-0.946520565327588,0.7573069945575489,0.9731660611240877,0.9668628416402034,0.8808608787889802,-0.930388175308389,0.9265549978355765,-0.9486882932777302,0.6706837925986631,0.8964645546739982,0.8863925504178494,-0.9372680679794198,0.7214139137733336,-0.873465489837123,-0.9566057874370912,0.056119700879978585,-0.1580491770234055,0.9338909064473384,0.79164036864593,0.8221141295547897,0.8902191189639846,0.8194507321038527,-0.9246185823191385,0.9502215642668552,0.7716681922272414,0.9887449978686211,0.9798229468543161,0.8298201380604783,-0.8757984409541968,0.8197216980976204,-0.8422977916271508,-0.9265021264221585,0.8866106449981991,0.9605579255900946,0.8519203888692457
0.8657726991847889,0.5339318817927374,0.8544119542265738,-0.5567525056093265,0.6947865481906411,-0.9668958862735897,-0.8198538766311657,0.8983943612637589,-0.8500368447662258,-0.9069198766774282,-0.8437583644228259,0.7980047650361343,-0.9632279319677088,-0.7304813611745384,1.0,0.8213210583535181,-0.46755843117298534,-0.6950310784776998,0.8781578277779797,-0.766156347378404,0.593405612961427,-0.8251344090462989,0.49803219208184496,-0.4745837202309159,-0.970167304978835,-0.9637632550285671,-0.8706831317059953,-0.9598507704356274,0.8545837863201827,0.8964116832605801,-0.8716414260741984,-0.45307827282310215,0.9239907342847985,-0.7310431199421058,-0.6863337309704217,-0.4207540124446089,0.5252477521388139,-0.8756067820805562,0.8535329669784979,0.7524494334497606,0.7917262846927344,0.9608619362172487,0.8395366473862371,-0.9068670052640101,-0.9257817534143368,-0.8771070084362949,0.9833256779932655,-0.911539516424835,-0.8494816949253357,-0.771226668386043,0.2797327350051715,0.7864986236910194,-0.8151417119102772,-0.6615502559306856,-0.6283536172307936,0.8860026237438908,0.8526539797304219,-0.7789380115722306,-0.849613873458881,0.8417360328595834,0.9591700509878693,-0.8154192868307223,-0.6324709785507284,0.9327938246189128,-0.8610803612439322,-0.4700698233103453,0.8874830233195978,0.8585160976931542,-0.557123526001147,-0.45054044497903317,0.892140486187712,0.9289143846593594,0.8722692741085384,-0.8141437639820105,-0.5093004120665783,0.7334685960326613,-0.694204962643042,0.8714214668218443,0.9568833623575363,-0.7703860604518523,-0.5552787149602969,-0.4826003482904359,0.804554211373302,-0.7881838999937215,-0.957702869265517,0.8875094590263068,-0.7715558404737278,0.8416302900327473,-0.46221841841775685,-0.709611543171375,-0.6619203558246123,-0.8653761635841531,0.8465275047005991,-0.8592496885543304,0.7434084217552648,-0.2899765713549291,-0.902240756589926,-0.5635861357936164,0.8576172836650464,-0.3848741495137482,0.8604194685762059,0.7291265312056996,0.46366577336007747,0.6490726023640131,-0.866882998866569,-0.48983712300203885,-0.8271765673895731,-0.9046067523403861,-0.7603206651223808,0.8409099170249256,-0.6977341294887004,-0.4741673578502483,-0.7763208766080345,-0.7668965471662574,-0.8371428288188857,0.8864916843180083,-0.49341255233443815,0.8804841699683763,0.8633736588009424,-0.8459062655929364,-0.7962732262466914,-0.9030272188645203
0.9881039319809266,0.7767041943553157,0.9734321147574029,-0.6536724153313881,0.9037079383122784,-0.8634992284078105,-0.9382858426877183,0.941722484559895,-0.9181682698821297,-0.9006281784806739,-0.8598841455153475,0.886081930864018,-0.8740867289447857,-0.8907147884647794,0.8213210583535181,1.0,-0.6260404928937516,-0.9166019542596184,0.9840460510010872,-0.936065243324158,0.6047333132862558,-0.9144738798695398,0.6410229296711067,-0.6618608754845169,-0.841220536578757,-0.8864652486112993,-0.9135882836947865,-0.8908007045115838,0.9477960881762997,0.8881703516940331,-0.9082747066462671,-0.6662756385049287,0.891712736393046,-0.8659841848384613,-0.6899157692294983,-0.5988249328367826,0.7347903813681139,-0.9200848586185361,0.9748794696997234,0.9730421880834443,0.8728045971693967,0.881105409076039,0.9955736640459295,-0.9139848192954223,-0.8858704452103456,-0.9232637523502996,0.8632480891940745,-0.8558130466821536,-0.9083341869863625,-0.9050675681269902,0.3346727424732586,0.9192058713704601,-0.7744108967983054,-0.8875953750731113,-0.700866760733723,0.9372945036861289,0.9916925791666804,-0.9647744208101883,-0.9455027906192894,0.959064308161033,0.8658387884515615,-0.8744105663519716,-0.709260097613847,0.9225499882691551,-0.9091470849676658,-0.6690183430759927,0.9709669851067837,0.988136976614313,-0.7837076470375395,-0.6616163451974582,0.9110321343080733,0.9365609128249527,0.9723019882955909,-0.9130000892205101,-0.7219426279075147,0.9687397768165461,-0.946996408048351,0.9186258036067597,0.897138665195079,-0.9248763304595518,-0.6391526034214413,-0.6266749498547688,0.9250679893331923,-0.9333688012398347,-0.8655876492378255,0.8856325238499642,-0.7351274366286543,0.9293439648933814,-0.6326428106443374,-0.9355017257601068,-0.8762478479682507,-0.968310196582524,0.9225698150491869,-0.9026240743372073,0.8881240892072922,-0.5179448881604383,-0.9131190499007009,-0.8154655493174631,0.9298264165408217,-0.5637711857405798,0.9865772699184789,0.9068670052640101,0.23871112711940018,0.40573192210719017,-0.9238651646779305,-0.7093724493673605,-0.7529583208039098,-0.8996632751857935,-0.9162781168524325,0.9181021806153572,-0.9377769553335691,-0.7088239084531477,-0.9184260180225431,-0.9214198618073431,-0.8023798744964824,0.9640540478023667,-0.6893738372419628,0.9542464006133083,0.9348888543756051,-0.8736042772973456,-0.9193578766840371,-0.8653100743173805
-0.5837896246460094,-0.92722249942998,-0.5895393908552281,0.9508031498144544,-0.7843176778875227,0.5029227978230195,0.6713512941930666,-0.5844967798004765,0.6478697777087512,0.5894997372951646,0.661887311191226,-0.7042901847525452,0.5240515364102293,0.7660572134782451,-0.46755843117298534,-0.6260404928937516,1.0,0.7854874579093982,-0.5743719041309097,0.7173295970867851,-0.8962662868736803,0.6727589955753236,-0.9796577236873846,0.9942171891573949,0.5258557733931221,0.49007504436242033,0.6229871687688561,0.5011780411802221,-0.6301380274336547,-0.6018055587682283,0.625220985985771,0.9866631859652834,-0.5723693993476989,0.768390164595319,0.8325033622914471,0.9667703166667218,-0.9338909064473384,0.619768621477029,-0.614818535395759,-0.7057771932549294,-0.49007504436242033,-0.505222704306707,-0.6144131015587304,0.5859771793761834,0.5709286533320556,0.6158759636641211,-0.48714068091771556,0.5914493706649572,0.6475393313748881,0.725436644246836,0.29193281365139895,-0.7072840285373454,0.6979191794356637,0.8198274409244567,0.8825461550916823,-0.6001533270989124,-0.6032000422971308,0.6881049233199282,0.6360794525165141,-0.6381282197864656,-0.4578565268107633,0.6891160891015494,0.8793276077998553,-0.5136556947468947,0.6376920306257662,0.987760267793709,-0.5578892409978158,-0.5901275853295046,0.9206117893545885,0.9853347917031534,-0.6041229857205627,-0.5238797043166205,-0.5964391103062907,0.6840073887800252,0.9564868267569006,-0.7073765535108271,0.7484312060299847,-0.6249874017135593,-0.49986947369812407,0.7204754461851623,0.9520720637364889,0.9910382954256314,-0.6239190274303502,0.7006090125933098,0.49563976062467574,-0.6144880890618959,0.7446244642638812,-0.6517293908882728,0.9958958565334197,0.7651134011090327,0.8241232432646776,0.6008274376199934,-0.6473212367945383,0.6420010508193417,-0.7500702198459459,0.9321329319511865,0.5911850135978667,0.9055121752951711,-0.6358613579361644,0.9650057332438925,-0.5923481846930649,-0.7575250891378985,0.48551488495510886,0.3112242706223296,0.6278909923633852,0.9713701296340967,0.687093757538307,0.5921168722593607,0.6956457086586852,-0.6527405566698941,0.7681588521616147,0.9658054133718413,0.7180565790212841,0.7243945397047793,0.6707498818654356,-0.583604574699046,0.9839733528076373,-0.582322442923657,-0.6276134174429402,0.6540887777120556,0.6966767012203383,0.5984151793827923
