1.0,0.47017964744686563,0.9996695536661369,-0.4524834694221485,0.4795602420188949,-0.9898420796970469,-0.803073811797595,0.9118979051332499,-0.8382663463540204,-0.9110174112173313,-0.8685550573159166,0.7999676162592814,-0.9818849319776222,-0.785659290003007,0.9823359620396033,0.8130665089336166,-0.4607710634754363,-0.4800294758129806,0.9993787608923372,-0.7899683101965825,0.4531972335032929,-0.8187964483628036,0.45796963523683676,-0.46338312074801935,-0.9808275037092601,-0.9955918459062656,-0.898771070084363,-0.9955125387861384,0.841372541892334,0.9075921822889556,-0.8900157127503511,-0.4688339540216971,0.9145730137696987,-0.7836039138063783,-0.476169862633459,-0.4615376989699988,0.4697988573165775,-0.8835242762399173,0.884954728707495,0.7899881369766143,0.9800740860680521,0.9895397040200803,0.8172830041537105,-0.9117311752984757,-0.9400305993305157,-0.8864057682712039,0.9894191083897019,-0.912696078593356,-0.8421193506068647,-0.78676298075811,0.9969136312417182,0.7858443399499704,-0.8865577735847809,-0.4727464386146368,-0.4513797786670456,0.9030734813512612,0.9681763132385278,-0.7935900020157226,-0.8313798447563123,0.8247577002256948,0.994547635491258,-0.8338317565535769,-0.4513599518870138,0.9956050637596201,-0.8545124999805134,-0.4670561527455134,0.9996497268861051,0.9998678214664547,-0.4703077446707267,-0.4681334077939072,0.9038467257725009,0.9947326854382214,0.9568171303997782,-0.798877143357533,-0.4700698233103453,0.8000997947928267,-0.4833141123715803,0.8692357767636747,0.9926508735348836,-0.7900740530234187,-0.45543765964688504,-0.4582108614591188,0.9874166036064913,-0.7910918277317173,-0.9918181487735485,0.9036352401188285,-0.8749392804861527,0.8319614303039115,-0.4608041081088226,-0.48035992214684375,-0.47241599228077363,-0.9998083411263594,0.8385571391278199,-0.8498319680392306,0.7823217820309892,-0.460768520309068,-0.9111297629708447,-0.47142212771505804,0.841022268778439,-0.4591188318061205,0.9949425105054381,0.7846745599280949,0.9934835982962187,0.9914265557039575,-0.8619607726520709,-0.4695146734694552,-0.8986917629642358,-0.9104953060098274,-0.8971368430108686,0.8385307034211109,-0.4813380432950787,-0.47032757145075854,-0.7876816215662495,-0.7839409690669187,-0.8934905376692298,0.972472122676427,-0.466494393977946,0.9892803209294795,0.8499575376460986,-0.8723221455219565,-0.7949514409112388,-0.9108257523436907
0.47017964744686563,1.0,0.46901647442983446,-0.9835487020886101,0.9916314327694574,-0.4587263585916667,-0.624564429707366,0.5155012887449607,-0.5881954461123517,-0.5154640878599199,-0.5545559537448027,0.6280671666336531,-0.45175062495827806,-0.6717687664922815,0.45185381005881964,0.6654010551177956,-0.9919618796492958,-0.9915719523310865,0.46852080411007685,-0.6813285947260064,0.9754791892829564,-0.6081544376545911,0.9893133302491574,-0.9945162159094532,-0.4513739155152623,-0.46446291642566134,-0.52883727308698,-0.4643703912993066,0.5856047425744187,0.5194270041636375,-0.5364483510673452,-0.9993605852888776,0.5114062001755044,-0.6470083817859902,-0.9498232935323031,-0.99266903597215,0.9998364287958449,-0.542494642630701,0.554719705769883,0.6816920862938286,0.4967674033986633,0.4584561496265944,0.6600742514148005,-0.5154442610471297,-0.48372136058264326,-0.5393686151474298,0.4583166044606671,-0.5129394736979546,-0.5850727230978789,-0.6705989845376535,0.47732390898897187,0.6453924965435804,-0.5367845205470935,-0.998934308813886,-0.9812025292417575,0.5242275391132343,0.5039885004295817,-0.6808990137822165,-0.5976164866565445,0.6029697261099266,0.463332788096614,-0.5916981830386389,-0.9812223560545478,0.46449596111364516,-0.5708181878263169,-0.9983923759309511,0.46898342974185064,0.47095950208328424,-0.9999520852037883,-0.999020225002644,0.5230445392834129,0.4635574919749041,0.48906299825425,-0.6296797474072645,-0.9999355628597963,0.6774557572943003,-0.9922196282155697,0.5557918250753983,0.4613236710671965,-0.6803835166496686,-0.9865293329447525,-0.9896140374066486,0.4884665777771227,-0.6794714832613146,-0.4604777270548102,0.5229586230946549,-0.5483567702790343,0.5953198808416676,-0.9919949243372796,-0.991386902078377,-0.9989739624394667,-0.4709528931456875,0.5877724741061586,-0.5742241520327842,0.64884897090669,-0.9919469962328994,-0.5160853279940162,-0.9995406780781178,0.5855716978864349,-0.9904418240020392,0.47104289207587074,0.666997113547415,0.46215970167318765,0.460058819641795,-0.5637168726455621,-0.9996745098247241,-0.5251065278136045,-0.5161910709955645,-0.5823541074615028,0.5872041054728365,-0.9911357624496998,-0.999975216485377,-0.6718381603370476,-0.6588747292409871,-0.5296931305057615,0.4670477826977728,-0.9977810492032501,0.45853469940136043,0.5756318557408958,-0.5511060883192898,-0.6334600597126158,-0.5144330935948241
0.9996695536661369,0.46901647442983446,1.0,-0.45174326963429506,0.4783574173636331,-0.9907937651385726,-0.8046401274201064,0.9135732708140306,-0.8399516226567224,-0.9127886035668378,-0.8707954834595087,0.8014215801282792,-0.9830348852194659,-0.7848596098750582,0.9834594814310538,0.8113019255107874,-0.45985903159397395,-0.4787539529642688,0.9998479946864229,-0.7887919212480297,0.4540762207513689,-0.8206733835391463,0.4569617722533296,-0.46241160531611925,-0.982030328364522,-0.9964642242276643,-0.9006215695539966,-0.9963849171075372,0.8430379914150042,0.9093038971265185,-0.8918662152774461,-0.46770382755988515,0.9163045525591417,-0.7843308957408772,-0.4779608817629973,-0.4605860135284729,0.46866212192808826,-0.8855201720964507,0.886772189549485,0.7887588766146434,0.9783755919119955,0.9905046089092084,0.815511811804204,-0.9134164516011777,-0.94200005948034,-0.8884214909077691,0.9903906206112596,-0.9144606620161853,-0.8438112358362441,-0.7860426077502883,0.9959222922401287,0.786538277251083,-0.8888444622151139,-0.4715502228860522,-0.451716833927586,0.9048843272608312,0.9680176987362054,-0.7920236863932113,-0.8329461603788236,0.8265156747218468,0.9954794941527522,-0.8355104239296017,-0.4516771803675224,0.9964708331543416,-0.8563630025076084,-0.46596567984376497,0.9999867821466455,0.9994514590857871,-0.46917100928223754,-0.46700989025877254,0.9056641806087482,0.995651326246361,0.9581521380000763,-0.8002385822530492,-0.4688934343617925,0.7984211274168018,-0.4816090092888464,0.8712977618869807,0.9936554303898275,-0.7890034069017021,-0.4545388456187773,-0.45721291188200686,0.9859494218841389,-0.7900277905366779,-0.9927698342150743,0.9055055663684939,-0.8772920583832583,0.8335806173398409,-0.4598920762273603,-0.47909100822480927,-0.47121977655218905,-0.9993919787456919,0.8402556332838765,-0.8517155121422505,0.782916585431943,-0.459856486920714,-0.9128480839069331,-0.4702325189476398,0.8426943272277866,-0.4581407106578856,0.9956397534218971,0.7839475779935959,0.9944881551511626,0.9923451980299084,-0.8639500628686981,-0.4683845470076432,-0.9008528819877007,-0.9122202358725932,-0.8947906701640159,0.8402358065038448,-0.47987747049940355,-0.46912474679549665,-0.7869810753384596,-0.7833990370793831,-0.8956648745460494,0.9736286867558613,-0.46541053000287486,0.9903377491978416,0.8516890764355415,-0.8746088341522895,-0.7962467905399824,-0.9126564250332925
-0.4524834694221485,-0.9835487020886101,-0.45174326963429506,1.0,-0.9742384038120289,0.4591915299995704,0.6453583855713912,-0.5359253586595136,0.6096107011740758,0.5366018881703517,0.5782381262371085,-0.6485967596432501,0.4670825884522224,0.6676635131071539,-0.466723173083756,-0.6421662739862732,0.9928227056284924,0.973914566404843,-0.4516243089541043,0.663770855294246,-0.995928901166806,0.6290872080919698,-0.9958248036746067,0.9900436190656129,0.46802105604039373,0.4535673333972196,0.5489804078368653,0.45363342266399226,-0.6066300752426302,-0.540204645753421,0.5578042465736142,0.9847598150822315,-0.5331255927381113,0.6660509349979017,0.9715882242144465,0.9920560701339299,-0.9838345653474148,0.5639430178341887,-0.5629898883118438,-0.6638898159744366,-0.4746432005710113,-0.4595161266344805,-0.6382339626133018,0.5360599561828161,0.5068617181226683,0.5610549168762247,-0.45963432808694704,0.5349100029409724,0.605896484381454,0.6664408616718602,-0.45681231639575576,-0.6640418212880137,0.5601693207014715,0.9811050786297052,0.9987905664180609,-0.5446846054966443,-0.4847457459101423,0.661259463156886,0.6170655704660285,-0.623311006176042,-0.4544595384986501,0.6138998945876195,0.9988302199781245,-0.45356072447054235,0.5931521493099278,0.9864384824582564,-0.45172344285426325,-0.45275443541591626,0.9833653315533291,0.985447143456667,-0.543845271808632,-0.45431414211175036,-0.49135549534337397,0.6498194110785438,0.9836693421804832,-0.6551792506138041,0.9718591902082142,-0.5781456012636268,-0.4561976862147703,0.6634404089603828,0.9980569755568847,0.995603404265115,-0.4669041474319363,0.6624490699587934,0.4571559805829734,-0.5439311878554364,0.5717151156066499,-0.6161667564379207,0.9927896609951061,0.9735576843642708,0.9814090892568592,0.45284035146272067,-0.6092604280601809,0.5975494099880709,-0.6676701220338311,0.9928342594120692,0.5366018881703517,0.982385529071579,-0.6069076501630752,0.9946071158313534,-0.45547145682525847,-0.6687936395689658,-0.4553781793067897,-0.4576358838882,0.5855915246992252,0.9841121402678598,0.5482137723423027,0.5372033004979826,0.5588715899954921,-0.6091943387934082,0.9730421880834443,0.983464465453488,0.6654230869635617,0.6692033930229561,0.5533224726638271,-0.4759889035944247,0.9870002412258237,-0.4595682388201744,-0.5979062920286431,0.5744379933976822,0.6538045938649334,0.536634932803738
0.4795602420188949,0.9916314327694574,0.4783574173636331,-0.9742384038120289,1.0,-0.4678227882400759,-0.6269260890685048,0.5166041295953624,-0.5896385247553871,-0.516253002931059,-0.5550407935999154,0.6304949094742268,-0.46029522075467333,-0.6841990476536658,0.46067599518271324,0.6826591677378635,-0.9828828799058889,-0.9999140839531956,0.47785513893616105,-0.6964652155666659,0.9657988044451641,-0.6099411475079389,0.9801153590070891,-0.9853314387734716,-0.4595021495534018,-0.4735262919625538,-0.5300722686132159,-0.47345359376910395,0.5874509700252131,0.5201299978032382,-0.5373231489612301,-0.9904897545114185,0.5122678201446694,-0.6521721889756494,-0.9395217119763665,-0.9835569904269698,0.9914150042462354,-0.5433033398210964,0.5579406516453699,0.6973309849613873,0.5070798127030179,0.46753276793936005,0.6698973303240687,-0.5164843153647631,-0.4845433727335512,-0.5399922675557876,0.46741964371276284,-0.5135565608467357,-0.5869354737443866,-0.6823287214040004,0.4870085023841703,0.6508702304202286,-0.5367671113372833,-0.9936356036097957,-0.9717864920147643,0.525049484338496,0.5117597783369315,-0.6977407384153776,-0.599664266524795,0.6048721007464782,0.4725085172542553,-0.5927248935136689,-0.9718063187947962,0.47355933659594013,-0.5722018171281732,-0.9887119532352349,0.478330981656924,0.48046566497367993,-0.9918181487735485,-0.9898024261369832,0.5236880454429799,0.4727067850545732,0.49578349084931317,-0.6321471411435425,-0.9915075292197171,0.6951434302312133,-0.9961271689671239,0.5568582484361627,0.4705324481777537,-0.6944891464901642,-0.977483386810565,-0.9803565852293712,0.4986005597760896,-0.692949266574362,-0.4696997234164186,0.5235889115428208,-0.5485640454561976,0.5970405226339216,-0.982935751319307,-0.9997554697129413,-0.9933448108359961,-0.48037314000019826,0.5891758998879787,-0.5749865343118951,0.6548686310599727,-0.9829076351417236,-0.5171385991058122,-0.9924707678442469,0.5870279987178683,-0.9812042125298641,0.4799542661524855,0.6776760370232072,0.4713255193790252,0.46930726768409226,-0.5652062566819943,-0.9911374293257903,-0.5251618360920095,-0.5169601580855261,-0.5931124956843472,0.5882704769331937,-0.9996431179594278,-0.9916595345332941,-0.6839148638065435,-0.6677692559339901,-0.5294047670188123,0.4746538981998776,-0.988163412321022,0.4676046936597262,0.5771079997752965,-0.5515975428010614,-0.6360662346631595,-0.5148386926221247
-0.9898420796970469,-0.4587263585916667,-0.9907937651385726,0.4591915299995704,-0.4678227882400759,1.0,0.8169856024532336,-0.9262690399374219,0.8535924473185932,0.9260527194081045,0.8863661147111404,-0.8136084409211523,0.9933117662026099,0.774800823472264,-0.9934026280453913,-0.7967887225275179,0.45149873934723633,0.46795496677362114,-0.9912431721526266,0.778244074271118,-0.46600533340382855,0.8334947012930365,-0.4530327588520511,0.4520553829910346,0.9923931253944703,0.9965699670545005,0.9131785302407962,0.9966624920279822,-0.8561831465760803,-0.9224226382561029,0.9053352300996593,0.45770452149718627,-0.929985030781076,0.795182753344943,0.49135056721113207,0.45132690725362745,-0.45847115699174873,0.8991015164182261,-0.8993391051532811,-0.7779995439840592,-0.96486694578367,-0.9999355628597963,-0.8008598213607119,0.9262113336483588,0.9574252943450718,0.9021680583964761,-0.9999140839531956,0.9282799276983421,0.8567647321236794,0.7761358266610711,-0.9835768172070015,-0.7967821136008406,0.9039921221594007,0.4604075725081868,0.4614914364832579,-0.9175800754078534,-0.9556028094606767,0.7794667257064116,0.844564653477452,-0.8390065461418739,-0.9976273953228626,0.8498848394526487,0.46145178292319433,-0.9965501402744688,0.8706416121854257,0.4558738488075844,-0.9908135919186044,-0.9893067566361885,0.45891395507912536,0.4568387521024648,-0.9186375036762154,-0.9975084346426718,-0.9682803516013476,0.8121478681254771,0.45859011767193947,-0.7836171316597328,0.46827880418080703,-0.8857713113101867,-0.9986385611044838,0.778845486598749,0.45507416867963557,0.45296006053848664,-0.9730223613034125,0.7798236077469839,0.9992399734321148,-0.9186176768961837,0.8925851147144448,-0.8465142868472446,0.45148552149388177,0.46818627920732536,0.4603547010947687,0.9891415334692569,-0.8539691561391972,0.8668763899398918,-0.7934710413355319,0.45148296298560897,0.9256694016608232,0.4597077858247868,-0.8562161912094667,0.4523777265953123,-0.9882278299071219,-0.776611669381834,-0.9982354165771707,-0.9995819846983693,0.8777131754139674,0.45813410173120833,0.9156965313048334,0.9254579160071509,0.8796826388178043,-0.8544251720799284,0.46863568622137924,0.4587487319121938,0.7767570657687338,0.7832338139124515,0.9110967183374584,-0.987186922235631,0.45506095082628106,-0.9997951232730048,-0.8658453973782387,0.8899745886769259,0.8084600870395643,0.9267268299291853
-0.803073811797595,-0.624564429707366,-0.8046401274201064,0.6453583855713912,-0.6269260890685048,0.8169856024532336,1.0,-0.9095649501615908,0.9821889426047763,0.9099864186556782,0.955165041421448,-0.9996365090327506,0.8260001784410202,0.961826839512129,-0.8254067388043471,-0.9207391423595851,0.6353062080952743,0.6260338839670744,-0.8053142379411872,0.9487147289844393,-0.6539565991785105,0.9953869691792704,-0.6385786818813126,0.6322748000827594,0.8274409244566636,0.8100792740754937,0.9265219532021902,0.8101585811956209,-0.9803847056218835,-0.9144853042023846,0.93582225923355,0.6260801464538152,-0.9056179181220074,0.9876677428202273,0.6640550391413682,0.6342752155336213,-0.6249301932119714,0.9428724378017388,-0.9449904170298108,-0.9473466811622459,-0.7867365450514009,-0.8173636617490805,-0.9377439107001827,0.9096493633951378,0.8751705929198569,0.9390128246222172,-0.8175077076607373,0.9074882443716729,0.9798031200742844,0.9629503570472637,-0.7955462443121925,-0.9876941785269363,0.9358735844505173,0.6215199870465037,0.6485306703764775,-0.9203161710522403,-0.8476821629742537,0.9407840169717238,0.9868218002055377,-0.9919371094537391,-0.8113481879975283,0.9847069436688135,0.6484711900363821,-0.8099537044686258,0.9693593130683492,0.628062824456994,-0.8047458702469426,-0.8019635121158148,0.624368434444404,0.6267344301948642,-0.9188291625498561,-0.8111036577104695,-0.8593913158463417,0.9993919787456919,0.6246856629249127,-0.9317496142039052,0.6160345779043754,-0.957253462251463,-0.8137868819414383,0.9515631763823397,0.6416904312655103,0.6382251037198855,-0.7875957055194451,0.9518870137895256,0.8146196067027734,-0.9186573304562472,0.9486155950842803,-0.9868746716189557,0.6352533366818561,0.627507674616104,0.6215001602664719,0.8030011136041452,-0.9819444123177176,0.9724870382425542,-0.9858172433505936,0.6353436069276946,0.910382954256314,0.6223173909244649,-0.9802525270883382,0.6372294057583578,-0.813074461248778,-0.9664795238929221,-0.8126104929928855,-0.8150340112462198,0.9639399842389995,0.6252143770590938,0.9228143453362456,0.9106539202500817,0.8477350344750278,-0.9814090892568592,0.6239917256238001,0.624163557717409,0.9616814431252293,0.9731281041302488,0.928075050971347,-0.840095102613164,0.6287699796114612,-0.8181421646217546,-0.9730818416435079,0.9519795387630072,0.9980966291169483,0.9093982241814018
0.9118979051332499,0.5155012887449607,0.9135732708140306,-0.5359253586595136,0.5166041295953624,-0.9262690399374219,-0.9095649501615908,1.0,-0.9559332563405151,-0.9996745098247241,-0.9777658816914382,0.9045652888696358,-0.9352836308194135,-0.846119149232618,0.9345714096887185,0.7989048990413075,-0.5258368154180473,-0.5162208112147499,0.9145051310151748,-0.8321015925898732,0.5474083877338981,-0.9325045725599725,0.5290496332033573,-0.5230066139168693,-0.9365690691819848,-0.9195774906206943,-0.995999940520921,-0.9196634068094522,0.9581406414978356,0.9994151080563083,-0.9920791752032252,-0.5169114451936121,0.9992812780377164,-0.8776272592252095,-0.5865762564011436,-0.5249941758744594,0.5157284453637907,-0.987385190363534,0.9750891796477185,0.8301453470612298,0.8717915673272633,0.9267001520058159,0.8289755651066019,-0.9999256494534012,-0.9873719724883404,-0.9896553604280238,0.9268109728203568,-0.9991524037545794,-0.9588147531327059,-0.84777138363181,0.901839102110969,0.8780469267626042,-0.9896817961784109,-0.5121497056551408,-0.5396296681825021,0.9980982782078949,0.9463716872645562,-0.8219733957228261,-0.94854115963853,0.9403692083001264,0.9208199708888867,-0.9517960614049383,-0.5396098413697118,0.919531228057517,-0.9697723217236138,-0.5190130873493843,0.9137252763787562,0.910470374612348,-0.5152360795128315,-0.5175591210780954,0.9984849010573058,0.9206084848857902,0.9742333194007736,-0.9023017277427428,-0.5156061800182504,0.8119839865453113,-0.5044767291052932,0.9782020715728248,0.9232718867372877,-0.8350888323836122,-0.5320822614469931,-0.5287489260458661,0.8839321856925261,-0.8359744300215791,-0.924144266500061,0.998253588241419,-0.9814272331200476,0.9496977237179645,-0.5257178545413055,-0.5165578670321851,-0.5121893592807214,-0.9114385839702746,0.955949778684507,-0.9659127521116347,0.8753108265975422,-0.525817857378891,-0.9999454762661916,-0.5130691956909655,0.9582001219362065,-0.5277600162587068,0.9227876544841715,0.8518689249418062,0.9221351494706436,0.9245522437380213,-0.9738682175665851,-0.5160126296804517,-0.9944534491232774,-0.9997670349510788,-0.7936950631154583,0.956233963001168,-0.5138548115551069,-0.5151171186360897,-0.8463008950165292,-0.8596509489620004,-0.9924839857194405,0.957788645826449,-0.5196409364210773,0.927362819109687,0.9663092883674408,-0.9793586356522592,-0.8962248096225146,-0.9989673535018699
-0.8382663463540204,-0.5881954461123517,-0.8399516226567224,0.6096107011740758,-0.5896385247553871,0.8535924473185932,0.9821889426047763,-0.9559332563405151,1.0,0.9561695982763919,0.988163412321022,-0.9790959649198172,0.8624880626261892,0.9234818469306493,-0.861841811775329,-0.8762610658216052,0.5986993632299147,0.5888983249675337,-0.8408372188314757,0.9098013687087149,-0.6202048106377284,0.9935100340029277,-0.6021766535983145,0.5957834908498592,0.8638957640084463,0.846349063680313,0.9689248267635094,0.8464283708004402,-0.999596855472687,-0.9597697446154388,0.9753866641566017,0.5896451336820644,-0.9524752082638019,0.9537771668192228,0.6548025417932001,0.5976683706682616,-0.5885150072202524,0.9808341126359373,-0.9797501817514334,-0.9081293102593673,-0.8014480158349884,-0.8539176955968043,-0.8987115897442676,0.9559581126227195,0.9204219138790765,0.9776948724642375,-0.8540286364792926,0.9538961274994134,0.9992730180655011,0.9248036322661018,-0.8287759276454707,-0.9537705578925455,0.9746613751193738,0.5847677457942443,0.6132720465532795,-0.9640937013624302,-0.888862453139715,0.9004299106803559,0.9967682348548184,-0.996054470773674,-0.8477105025758291,0.9990350967051196,0.6132456108465705,-0.8462301030001222,0.9962841248375821,0.5916872920253387,-0.840063974410236,-0.8369974324319859,0.5879730752327168,0.5903126352764679,-0.9628446142204276,-0.8474593633620932,-0.9037902319790274,0.977681654610883,0.58830352156658,-0.8898358012167034,0.5778151549297637,-0.9905161902181276,-0.850294592906639,0.9128018214201923,0.6053942059539821,0.6018230754368874,-0.8110970487837923,0.9133701891144369,0.8511537533746831,-0.9626859999801732,0.983715604667224,-0.9989954431450561,0.5986531007431738,0.5896781783154507,0.5847941815009533,0.8380945142604115,-0.9998413857597457,0.9973035579156767,-0.9512988193152491,0.5987433105167935,0.9565396981703187,0.5857170945135638,-0.9996959893728459,0.6007150858664798,-0.8497177157540582,-0.9284583687186283,-0.84901246113125,-0.8515616093435565,0.9936438542676732,0.5887991910673747,0.9655146205980418,0.9567313570439593,0.8094758947273378,-0.9996695536661369,0.5866116363372007,0.5877417627990126,0.9233827130304902,0.9355827916767178,0.9692156195373091,-0.8807632001148759,0.592301922206324,-0.8548018809005323,-0.9978256631231804,0.9864649181649654,0.972453993609168,0.9555087056086656
-0.9110174112173313,-0.5154640878599199,-0.9127886035668378,0.5366018881703517,-0.516253002931059,0.9260527194081045,0.9099864186556782,-0.9996745098247241,0.9561695982763919,1.0,0.9787126471725359,-0.9050231147210537,0.9352523453428546,0.8457740870593912,-0.9345500387461723,-0.797595011582144,0.5261003036801808,0.5158432494770687,-0.9137270711550091,0.8316640286034347,-0.5483525598025253,0.9330581816860033,-0.5294254685330924,0.5231015795415513,0.9365873485316617,0.9190935196169466,0.9953869691792704,0.919179435663751,-0.9581985387663117,-0.9993308450696922,0.99158517020628,0.5169469402321716,-0.9995704197659779,0.8781247831445934,0.5877814163590762,0.5252080985787503,-0.5157573334302643,0.9871059840526599,-0.9740433547075849,-0.8297077863069648,-0.8705046906857092,-0.9265036572221071,-0.8277251083037859,0.9998149500530367,0.9878726195472224,0.9894653708764428,-0.9266144781756719,0.9995902465460097,0.9587008171937836,0.8473866651686432,-0.900859490914378,-0.878442011625102,0.9906681955317047,0.5119439827374835,0.5404482834965187,-0.997990886290112,-0.9435943698473492,0.8211624441132638,0.9482124505569673,-0.9405989670247603,-0.9204020870990447,0.952402510070352,0.540428456716487,-0.9190472571302057,0.9697261091049699,0.5190617967688957,-0.9129604356604466,-0.9095502294949789,0.5151889657360197,0.5175946150465434,-0.9985526450576794,-0.9201773835920177,-0.9728471350261296,0.9027959064308161,0.5155722834833009,-0.8109252166901835,0.5037687404377093,-0.9780715812848414,-0.9229333060164364,0.8346512634615575,0.532563833970544,0.5291181529348427,-0.8827245961119684,0.8355038150029245,0.9238122932645124,-0.998618734324452,0.9824202550384805,-0.9499770339797965,0.5259747340733129,0.5161803047376091,0.5119968541509016,0.9103763453296367,-0.9562489053965191,0.966400216772795,-0.8757059159807151,0.526058214827539,0.9997554697129413,0.5129923451987287,-0.9583505440798887,0.5281094173900688,-0.9213453814278297,-0.8516560318021552,-0.9217569170678835,-0.9242400960952142,0.9735460750359017,0.5160415172773866,0.9956447173196837,0.9999074750265183,0.7922596122877572,-0.9566388320704776,0.5134111644598359,0.5151030496892153,0.845846785252841,0.8596858777150297,0.9937281285832774,-0.957060080200764,0.5196499912431721,-0.9271035387497893,-0.966400216772795,0.9803053985017564,0.896709084961057,0.9995439840592688
-0.8685550573159166,-0.5545559537448027,-0.8707954834595087,0.5782381262371085,-0.5550407935999154,0.8863661147111404,0.955165041421448,-0.9777658816914382,0.988163412321022,0.9787126471725359,1.0,-0.9507238426943272,0.8957375727394993,0.8875821572197568,-0.8950682455430802,-0.837803721486612,0.5660512654442356,0.5542741581053529,-0.8718000403144527,0.8724278883487927,-0.5914163260315708,0.9736171647043662,-0.5699217336572883,0.5627552706395142,0.8974625026022649,0.8781446099246252,0.984092313487828,0.8782173081180751,-0.9883947247547262,-0.9802904958534036,0.9885120142237829,0.5564022324954315,-0.9768357119961932,0.9215388224875339,0.635299599168597,0.5648880943490372,-0.5551597542801061,0.9935298607829596,-0.9823144537757683,-0.8706566959992862,-0.8220612581413715,-0.8867938556719267,-0.8620254377587808,0.9780517545048096,0.9523826832903203,0.9922741647142795,-0.8869014377719986,0.9781178437715823,0.9880114070074449,0.8888907247018548,-0.8573132730378923,-0.9213537725405706,0.9941907534506859,0.5509432590600124,0.5829635088113515,-0.9826185228387984,-0.9056392412291107,0.8625938054530254,0.9791091827731717,-0.9770934601366065,-0.8797505791072001,0.9875818267734229,0.5829172463246106,-0.8779926046110481,0.9939049073027456,0.5586030050789601,-0.8709871423331493,-0.8668235185264737,0.5542807670320301,0.557115996576576,-0.9821691158247445,-0.8793540435065643,-0.9310257088148115,0.9484768076240578,0.5546640847793114,-0.8516956853622187,0.5430257649006514,-0.9964906599343734,-0.882612244358455,0.8759504462677739,0.5736581400497652,0.569515283995087,-0.8351204972556432,0.876505596108664,0.8835771476533354,-0.9828960977592434,0.9989954431450561,-0.984065877781119,0.5659785672507857,0.554730174046084,0.5510093483267849,0.8674976290475546,-0.9889102210355527,0.9954728852260749,-0.9186837661629563,0.5659761979120178,0.9783425472786093,0.5520742976772163,-0.9889300478155845,0.5683577808546003,-0.8789490467445631,-0.8932393984554938,-0.8812375876095843,-0.884077582319655,0.9943080524961484,0.5554439381272285,0.9880312337874767,0.978838216779404,0.7888626183630185,-0.9896636386767607,0.5517825927480248,0.5541882420585484,0.8874433697595342,0.9018508299159675,0.9907541115785091,-0.9114121482198875,0.5591713727732047,-0.8872252751791845,-0.9929284484553286,0.9997025982995231,0.94200005948034,0.9792215345266851
0.7999676162592814,0.6280671666336531,0.8014215801282792,-0.6485967596432501,0.6304949094742268,-0.8136084409211523,-0.9996365090327506,0.9045652888696358,-0.9790959649198172,-0.9050231147210537,-0.9507238426943272,1.0,-0.8224577937420073,-0.9652040010442104,0.8218676527212778,0.9249292018729698,-0.6386701517740011,-0.6296159222261508,0.8020758638693283,-0.9523628565102884,0.6567455662363154,-0.9933778554693825,0.6419228043052773,-0.6356916264657005,-0.8239249754643597,-0.8067880285902168,-0.9213735993206024,-0.806867335710344,0.9771793761834109,0.9094625116288408,-0.9307168549400467,-0.6296159222261508,0.9007207034541556,-0.9900006939373011,-0.6631496161865832,-0.6376523770657027,0.6284725779109843,-0.9377373017735054,0.9402121472525062,0.9510278533214813,0.7869612485584279,0.8139732767619385,0.9414581274928046,-0.9046728416071588,-0.8706038245858682,-0.9338842975206612,0.814104110421947,-0.90261746541053,-0.9765383102957165,-0.9662151668258316,0.7928762379345783,0.9900006939373011,-0.9310094144160518,-0.625068980672194,-0.6516104302080821,0.9152206885840705,0.843485487600306,-0.9445973676645044,-0.9840790956344735,0.9895645047766017,0.8080437246588967,-0.9818386694908814,-0.6515575587946639,0.8066624589833488,-0.9654402130734658,-0.6315919913026525,0.8015207140284382,0.7989167969175966,-0.6278777745100307,-0.6302768148938772,0.913826205055168,0.8077925854451607,0.8549501024433698,-0.9998678214664547,-0.6281883940638621,0.9356620987968449,-0.6196959232835791,0.9526139957240244,0.8104163293360341,-0.9551386057147389,-0.6449684588974328,-0.6415692261438501,0.7866836736379829,-0.955416180635184,-0.8112490540973694,0.9137138533016546,-0.944009173190228,0.9841055313411825,-0.6386172803605831,-0.6311954557020167,-0.6250491538921621,-0.7998883091391542,0.978864652486113,-0.9687662125232551,0.9883021997812446,-0.6387009472268528,-0.9053932146149805,-0.6258531725387358,0.9770141530164793,-0.6405801315837302,0.8096279002920636,0.969717897964781,0.8092663760941904,0.811663453071868,-0.9596375658635036,-0.6287567617581067,-0.91802287349523,-0.9057038341688118,-0.8524538159191202,0.9782698490851593,-0.6275935906629084,-0.6276728977830356,-0.964966079683829,-0.9761682104017897,-0.923250534496945,0.8360801730231274,-0.6322661018237333,0.8147187406029324,0.9693610159242089,-0.9474127704290185,-0.9991077948985695,-0.9045340541469362
-0.9818849319776222,-0.45175062495827806,-0.9830348852194659,0.4670825884522224,-0.46029522075467333,0.9933117662026099,0.8260001784410202,-0.9352836308194135,0.8624880626261892,0.9352523453428546,0.8957375727394993,-0.8224577937420073,1.0,0.7793543739528982,-0.9999520852037883,-0.7868092432448508,0.4585835087452622,0.460387745728155,-0.9835107279402289,0.770630590738911,-0.47503312724496977,0.8424365790873733,-0.46118818784646276,0.4559480536671513,0.9995307662059143,0.9875619999933911,0.9220014473549423,0.98766113389355,-0.8650919797370308,-0.9313645308245301,0.9142506869176993,0.4514062143737546,-0.9392970084693395,0.8035166098849716,0.5005568020725594,0.4579226160775359,-0.45146569471385,0.9081425281127219,-0.897016059749792,-0.7702803176250161,-0.9555285323886974,-0.9935843738293023,-0.7921624738534339,0.9353052167562727,0.9669421487603306,0.911235505797681,-0.9937413464366319,0.9376910392867647,0.8656933920646618,0.7805175450480965,-0.9748265982863054,-0.8051225790675466,0.9135089765746593,0.45301218355632955,0.4693758860092327,-0.9265483889088992,-0.9484221987617882,0.7711526959464148,0.85333469917818,-0.8477038936491519,-0.988791260355362,0.8588663708070491,0.4693560592292009,-0.987535564286682,0.8798214265073364,0.4521662409416399,-0.9830547119994977,-0.9811381232630915,0.4518754481678403,0.4516243089541043,-0.9276917332240657,-0.9885599479216578,-0.9631187628100961,0.8208848691928188,0.45158465539404075,-0.774675253865396,0.45990529408071484,-0.8947924962246506,-0.9907408937251546,0.7715426226203733,0.4640887446674223,0.46097339737456783,-0.9638161264419852,0.7724810902085447,0.991553791706458,-0.9277115600040975,0.9019037013293856,-0.8553636396680997,0.4585504641118759,0.4605727956751184,0.45297252999626597,0.9811645589698005,-0.8628713803734704,0.8762346301148962,-0.8016991550487244,0.4586206155901184,0.9346707597952555,0.4525337840634951,-0.8651316332970944,0.46018947792783715,-0.9811232219905963,-0.783848444093437,-0.9900073028639784,-0.99201475115007,0.8869227299550636,0.4513533429603365,0.9252926928402193,0.934558408041742,0.8700831569584988,-0.8634067034343288,0.4608437616688862,0.45173666070761775,0.7792618489794165,0.7918452453729252,0.9206333995327489,-0.98516458733102,0.452622256882371,-0.9935100340029277,-0.8750251965329571,0.899174214611676,0.8171111720601015,0.9361577682976396
-0.785659290003007,-0.6717687664922815,-0.7848596098750582,0.6676635131071539,-0.6841990476536658,0.774800823472264,0.961826839512129,-0.846119149232618,0.9234818469306493,0.8457740870593912,0.8875821572197568,-0.9652040010442104,0.7793543739528982,1.0,-0.7795572342267691,-0.9734982040241754,0.6762220731542093,0.6838553834664481,-0.784476292127777,0.9928954038219423,-0.6614709488105585,0.9444321444975728,-0.6739893695247955,0.6766208446273145,0.7797443006268567,0.779096625812485,0.860776350616778,0.7790041008390033,-0.9214198618073431,-0.8497705872548323,0.8686622353751937,0.671939488667343,-0.8414650668658157,0.982255031871549,0.6365685130906316,0.6765591284147499,-0.671661913746898,0.8751639839931796,-0.8797237459568221,-0.9925847842681109,-0.8097223920349216,-0.7747029695619431,-0.9828696620525343,0.8460120084197725,0.8117116789647777,0.8715753368074258,-0.7746884717187505,0.8429058128814589,0.9209506280132576,0.9998347768330684,-0.7913429669454533,-0.9822219872381626,0.8683501805889214,0.673122486542573,0.6656213547638796,-0.8552050254278454,-0.8241807808801467,0.9898619064770786,0.9336397672336024,-0.9389929978421855,-0.7780656332508319,0.926541779982222,0.6656742261772977,-0.7790900168858077,0.9059399478897635,0.6728779562555143,-0.7848397830950264,-0.7863201826707333,0.6717544387203797,0.6724153313881059,-0.8537312347788157,-0.7781647671509908,-0.8100819509660249,0.9666579649132083,0.671661913746898,-0.9850704346360629,0.6758585821869599,-0.889498745956163,-0.7768297639621837,0.9936356036097957,0.6719328797406657,0.6741149393391341,-0.8013687087148612,0.9936752571698594,0.7760565195409439,-0.8536585365853658,0.880576694941858,-0.9309961965626973,0.6762551177875957,0.6871730646584342,0.6727259509419373,0.7864721879843104,-0.9230324399165953,0.9087637672203845,-0.9836957778871922,0.6762397127764951,0.846626638600758,0.6718480737434427,-0.9208581030397758,0.6749465503054977,-0.7880761547890031,-0.9984204665241342,-0.7773849138030738,-0.7756381342318858,0.8986701165333187,0.6718469636938613,0.8555552985417403,0.8464349797271175,0.8983033204966981,-0.9220543187683604,0.6831680550920127,0.6716420869668661,0.9995307662059143,0.9941643177439768,0.860069195462311,-0.7880959816017934,0.6737305077968813,-0.7749990912725819,-0.9110702826307494,0.8837357618935897,0.9701871317588667,0.8442275982169116
0.9823359620396033,0.45185381005881964,0.9834594814310538,-0.466723173083756,0.46067599518271324,-0.9934026280453913,-0.8254067388043471,0.9345714096887185,-0.861841811775329,-0.9345500387461723,-0.8950682455430802,0.8218676527212778,-0.9999520852037883,-0.7795572342267691,1.0,0.7874185654981247,-0.45848513236938465,-0.460768520309068,0.9839022802500372,-0.7709722242885675,0.47446554347836967,-0.8418398621387108,0.46104355297072236,-0.4558397591701403,-0.9994200657272485,-0.9877949444945335,-0.9213255546150394,-0.9878874696208884,0.8644523421260525,0.9306853479611393,-0.9135846936752363,-0.45135078423367364,0.9385914040865958,-0.8031577503848276,-0.4999628247267006,-0.45782754307850626,0.45154244342397987,-0.9074633080058185,0.8964425623608864,0.7706649086903178,0.9561249155308214,0.9936818452184257,0.7926726708875552,-0.9345996057781479,-0.9662531123978683,-0.9105496818635093,0.9938388179267779,-0.9369689099065893,-0.8650504509785599,-0.7807204072438003,0.9754031865005935,0.8048000713776245,-0.9127868072400152,-0.45320128676076865,-0.4689074269594878,0.9258691992128174,0.9486517745026766,-0.7716066822978572,-0.8527049555477973,0.8470939675281413,0.9890043800747421,-0.8582135050347035,-0.4688876001466975,0.9877685087441465,-0.8791718987509087,-0.45206454949412456,0.9834793082438441,0.9816089789039587,-0.4519555020237779,-0.45154905236157666,0.9270059364794615,0.9887730672588553,0.9627932106172856,-0.8202980300420455,-0.4516845355823104,0.7751986398817007,-0.460398419803649,0.8941330808731375,0.9908747094146275,-0.7718644308641311,-0.4638515896979603,-0.4608419800409755,0.9644125232771684,-0.7728029000028722,-0.9916809998014332,0.9270224588234535,-0.9012310798520664,0.8547504217339971,-0.45845208768140083,-0.4609535705617775,-0.4531484152599945,-0.9815957610287652,0.8622218256871432,-0.8755652706950179,0.8013832506400954,-0.45852554358601544,-0.9339651477688582,-0.452656797303549,0.8644787778764396,-0.460071277392609,0.9813462428127685,0.7840380939173779,0.9901675530917733,0.9921419602141299,-0.8862666049831471,-0.451397046796851,-0.9245969787254396,-0.93385940476731,-0.870752098341154,0.8627373228196912,-0.46127079956642236,-0.4518431500846328,-0.7794514912252208,-0.7919027296575317,-0.9199343732509198,0.9849150750115656,-0.45252056618830155,0.9935843738293023,0.8743822708651964,-0.8985048930933995,-0.8165144132678958,-0.9354389408529376
0.8130665089336166,0.6654010551177956,0.8113019255107874,-0.6421662739862732,0.6826591677378635,-0.7967887225275179,-0.9207391423595851,0.7989048990413075,-0.8762610658216052,-0.797595011582144,-0.837803721486612,0.9249292018729698,-0.7868092432448508,-0.9734982040241754,0.7874185654981247,1.0,-0.6535997171379382,-0.6827120391512816,0.8105220721628704,-0.9844888490884638,0.6305411719609677,-0.8998813697661431,0.6502104120516242,-0.6571839270407964,-0.7853354525958212,-0.8042237650394388,-0.8132383410272255,-0.8041510668459889,0.8747145769791257,0.8018888343662482,-0.8205656920147145,-0.6637510285142142,0.7941914143433536,-0.947425988282373,-0.5979657723687385,-0.6545910561395276,0.6648811549760261,-0.8270906513427687,0.8496298988877264,0.9857445451571437,0.8485300094838097,0.7961886256890358,0.9906681955317047,-0.7984806077568972,-0.7738293112507063,-0.8226891061757116,0.7960881762997281,-0.7948126534510163,-0.8743312592318444,-0.9729430541832854,0.8225437097888117,0.9480274006100039,-0.815439113610754,-0.6693553983365331,-0.6383000518800744,0.8068541178569895,0.828486503724441,-0.9910382954256314,-0.888494189101219,0.8943761338439831,0.8028094547305045,-0.8786997597655153,-0.6383264875867835,0.8042568096728251,-0.8584481223193887,-0.6613255524236586,0.8112556630240466,0.8143684674890375,-0.6657403154440703,-0.6630372644330698,0.8048450041471015,0.803172945697754,0.7947624083051785,-0.9273018065501072,-0.6652776905766619,0.9956645440997155,-0.682170107163746,0.843256085995354,0.8002253643996947,-0.9827573102990209,-0.646706606613553,-0.6504285069923176,0.8379491178735118,-0.9827507013723437,-0.7992075896913962,0.8041841114793752,-0.830038232640828,0.884198386760998,-0.6537979849382561,-0.6862081613635538,-0.6688531199090612,-0.8143684674890375,0.87550103925372,-0.8598048383952204,0.9493227502387475,-0.653822196448258,-0.7991613272046554,-0.6675985268687209,0.8739611593379177,-0.6514980784545686,0.8102854895829419,0.9691164856371501,0.8012365301813159,0.7986901085694125,-0.8524042488871444,-0.6646035800555811,-0.8038206205121258,-0.79847399883022,-0.9472920704327409,0.8743246503051672,-0.6844105333073383,-0.6656411815439114,-0.9745952858526011,-0.9632874123078041,-0.8079379818320606,0.7841570547941197,-0.660730749022705,0.7963525333668185,0.8633670498742652,-0.8346909170216211,-0.9322849372647635,-0.7955330264588379
